         0.5069826E+00
        -0.1384624E+01
         0.6990401E+00
         0.4562976E+00
        -0.1655451E+01
         0.1227779E+01
        -0.1519538E+01
         0.4881018E+00
         0.4154894E+00
         0.1959894E+01
         0.1682620E+01
        -0.3421020E-01
        -0.3195466E+00
         0.6233116E+00
        -0.1768602E+01
        -0.9132076E+00
        -0.1473495E+01
        -0.9041407E-01
         0.5654008E+00
         0.1586035E+00
         0.7533352E+00
        -0.1020579E+01
        -0.1669224E+01
        -0.5397737E+00
         0.1271756E+01
         0.1686455E+01
         0.1322927E+01
        -0.4362910E+00
        -0.2834136E+00
        -0.4083657E+00
         0.2373382E-02
        -0.8323748E+00
         0.5307294E+00
        -0.4077209E+00
        -0.1005393E+01
        -0.6697057E+00
        -0.6181639E+00
         0.1669486E+01
         0.2717958E+00
        -0.1380981E+00
        -0.8894119E+00
        -0.4947872E+00
        -0.9027212E+00
        -0.4985421E+00
         0.9252264E+00
         0.6529160E+00
         0.5007393E+00
         0.1270369E-03
         0.3751556E+00
        -0.9194106E-01
         0.6514123E+00
         0.2027152E+01
         0.5544593E+00
         0.5781558E+00
         0.4657068E+00
         0.1720345E+00
         0.4180460E+00
         0.4551328E+00
        -0.1179873E+01
         0.1074277E+01
        -0.1938059E+00
        -0.1694910E+01
         0.1344258E+01
        -0.1378164E-01
        -0.1017768E+00
         0.6209885E+00
        -0.1548005E+01
        -0.2956026E+00
        -0.1268946E+01
         0.9716782E+00
        -0.1275515E+01
        -0.9405154E+00
        -0.1578714E-01
         0.2705706E+01
         0.1701687E+01
         0.1181803E+01
        -0.7838635E+00
         0.6383157E+00
        -0.4718558E+00
         0.1039993E+01
        -0.4720847E+00
        -0.4911323E+00
        -0.1768098E+01
        -0.6711139E+00
         0.1049629E+01
         0.3745177E+00
         0.3833547E+00
        -0.7675708E+00
        -0.1164115E+00
        -0.2627158E+00
         0.1798379E+01
        -0.4011649E+00
         0.5141677E-01
        -0.2758037E+00
         0.1863521E+01
         0.1336689E+01
        -0.2858727E+00
         0.1029509E+01
        -0.1954248E+01
        -0.2470774E+01
        -0.1486660E+01
         0.4856133E+00
        -0.7259264E+00
        -0.5000852E+00
         0.5210884E+00
        -0.8909329E+00
        -0.1340742E+00
         0.4143482E+00
        -0.2393818E+00
         0.1390009E+01
        -0.3129944E+00
         0.1586172E+00
         0.1423219E+01
        -0.1255438E+00
        -0.9108324E+00
         0.7120491E+00
        -0.1001447E+01
         0.1964605E+00
        -0.5136099E+00
         0.2020484E+01
        -0.1485445E+01
        -0.3910548E+00
        -0.1322196E+01
         0.3783576E+00
         0.1298175E+00
        -0.8250048E+00
         0.1024926E+01
         0.2148320E+00
        -0.8327879E+00
         0.2174318E+01
         0.1332101E+01
         0.4309531E+00
        -0.2602072E+00
         0.9598583E+00
        -0.1236305E+00
        -0.1927121E+00
        -0.1777388E+01
        -0.8071777E+00
         0.1277385E+01
        -0.1254032E+01
         0.1587526E+00
         0.1359753E+00
        -0.1562407E+01
         0.8092340E+00
        -0.1972128E+00
         0.3450964E-01
         0.4780779E+00
         0.1013331E+01
        -0.1114607E+01
        -0.1568823E+01
         0.2048054E+00
         0.4145732E+00
        -0.3973262E+00
        -0.7234790E+00
        -0.1718475E+01
         0.1170806E+00
        -0.1099746E+01
        -0.4492177E+00
        -0.2294987E+00
         0.1685007E+00
        -0.1369076E+00
        -0.1167880E+01
        -0.1474295E+00
        -0.2686548E+00
         0.5469915E-01
        -0.8010221E+00
         0.5365469E+00
         0.1032286E+01
        -0.2190308E+00
        -0.5055744E+00
        -0.6697968E+00
         0.3135138E+00
         0.4769798E-01
        -0.1613941E+01
         0.2785927E+00
        -0.3231231E+00
         0.2383995E+00
         0.1582568E+00
         0.3576458E+00
         0.2751844E+01
         0.5481262E+00
        -0.6231846E+00
         0.4636744E+00
        -0.7122301E+00
        -0.3866003E+00
         0.9606098E+00
        -0.1654396E+01
        -0.9664089E-01
        -0.2446164E+01
        -0.7250223E+00
         0.1012183E+01
         0.5303611E+00
        -0.1158669E+01
        -0.9368664E+00
        -0.1526127E+01
        -0.1053422E+01
        -0.7635549E+00
         0.1704725E+00
         0.1498917E+00
        -0.4301718E+00
        -0.9040657E+00
        -0.9997033E+00
        -0.1717718E+00
         0.1221557E+01
         0.4961644E+00
         0.1964307E+00
         0.2807878E+00
         0.1218211E+00
        -0.2719387E+00
         0.4231352E+00
        -0.8386166E-01
         0.5952683E+00
        -0.1371042E+01
        -0.1725428E+00
         0.4457253E+00
        -0.2622555E+00
         0.1472052E+00
         0.1308829E+01
         0.5622359E+00
         0.1238736E-01
         0.1620713E+01
         0.9433146E+00
        -0.2241294E+00
        -0.8077408E+00
         0.1576494E+01
        -0.9386741E-01
         0.1265618E+01
        -0.6529501E-01
         0.2790400E+00
         0.7242106E+00
         0.6834792E+00
        -0.6781190E+00
         0.1020427E+01
         0.9507852E+00
        -0.1355664E+01
        -0.4774661E+00
        -0.2304890E+00
         0.2410074E+00
         0.1357042E+01
         0.6046048E-01
         0.5582785E+00
        -0.1217115E+01
         0.1222630E+01
        -0.1092598E-01
         0.1372534E+00
        -0.8996644E+00
         0.2289407E+00
         0.2662532E+00
         0.7246587E+00
        -0.3312802E+00
         0.8295570E+00
        -0.9783670E+00
        -0.1324316E+01
         0.2675854E-01
        -0.8650382E+00
        -0.3596210E-01
        -0.5929024E+00
        -0.3285829E+00
         0.9433534E+00
        -0.1695840E+01
        -0.4853308E+00
        -0.1049307E+01
        -0.1940557E-01
        -0.9758697E+00
         0.4277366E-01
         0.1315732E+00
         0.3165735E+00
        -0.1781730E+00
        -0.5425050E+00
         0.3875354E+00
        -0.2539595E+00
         0.5086784E+00
         0.1016070E+01
        -0.2410885E+01
        -0.3935346E+00
        -0.3467890E+00
         0.6896390E+00
         0.1465764E+00
         0.1496401E+01
        -0.7957730E+00
        -0.9193279E+00
         0.3694167E+00
        -0.1023209E+01
         0.5052950E+00
         0.2998687E+00
        -0.2044293E+00
         0.1130020E+01
         0.6150836E+00
         0.6110990E+00
        -0.4945439E+00
        -0.5485530E+00
        -0.5483118E+00
        -0.3179770E+00
        -0.1200794E+01
         0.1431366E-02
        -0.3654972E+00
        -0.9656520E-01
         0.4499662E+00
         0.6046438E+00
         0.5240802E-01
        -0.4581681E+00
        -0.7336609E+00
        -0.9587426E+00
        -0.1530623E+00
         0.8699116E+00
        -0.2702480E+00
         0.4391764E-01
        -0.7954315E+00
         0.4201379E+00
         0.2071511E+01
        -0.1813146E+01
         0.4478964E-01
        -0.8642443E+00
        -0.2510230E+00
        -0.3964360E+00
        -0.1711218E+01
        -0.1132622E+01
         0.1123497E+01
         0.1503642E+01
         0.2188720E+00
        -0.1180413E+01
        -0.1456147E+01
        -0.1371510E+01
        -0.6445806E+00
         0.1120290E+01
        -0.3783010E+00
         0.4912380E+00
         0.1540328E+00
        -0.9297543E+00
        -0.3157942E+00
        -0.9255825E+00
        -0.1530845E+01
        -0.6047545E+00
        -0.9115731E+00
         0.1421503E+01
        -0.5447060E+00
        -0.7838330E+00
        -0.1210968E+01
         0.1783786E+00
        -0.1060135E+00
        -0.5282993E+00
         0.2491201E+00
         0.5960808E-01
         0.1466179E+01
        -0.9271319E+00
         0.1757114E+01
         0.1468545E+01
         0.9455790E+00
         0.1640016E+01
        -0.2044672E+01
        -0.1220825E+01
         0.1049840E+01
        -0.1412392E+00
         0.7231997E+00
         0.1067472E+01
         0.4424793E+00
        -0.5053756E+00
         0.4687483E+00
         0.1036682E+01
        -0.1194572E+01
         0.1599885E+01
         0.1099070E+01
        -0.1253036E+01
         0.7147777E+00
         0.1951263E+01
        -0.1074451E+01
        -0.1245943E+01
         0.1700309E+00
         0.1066303E+00
        -0.1177334E+01
         0.1338599E+01
        -0.7535119E-01
        -0.7456685E+00
         0.1011305E+01
        -0.1375935E+00
        -0.6298719E+00
        -0.8976065E+00
         0.1210962E+01
         0.1484720E+01
        -0.5953894E+00
        -0.7434291E+00
         0.2675910E+00
        -0.1259510E+01
        -0.1036142E+01
         0.2259172E+00
        -0.1627111E+01
         0.1074414E+01
         0.4159820E+00
        -0.6107323E+00
         0.5465423E-01
        -0.6034934E+00
        -0.9468957E+00
         0.4165922E+00
        -0.7767246E+00
        -0.1000630E+01
         0.4405034E-01
         0.1918847E+01
         0.1198295E+01
         0.9197453E+00
        -0.6663142E+00
        -0.5375305E+00
        -0.1275532E+01
        -0.1180855E+01
         0.5130197E+00
        -0.7130142E-01
         0.9958432E+00
         0.7709741E+00
         0.9783280E+00
        -0.4303190E+00
        -0.6886768E+00
        -0.7004926E+00
        -0.6159943E+00
         0.2263803E+01
        -0.8275459E+00
         0.1320510E+01
        -0.1163260E+01
         0.4137916E+00
        -0.1628731E+01
        -0.1540452E+01
         0.8897737E-01
        -0.1081728E+01
         0.3080707E+00
         0.1244073E+01
        -0.7695397E+00
         0.1065533E+01
        -0.2595872E+00
        -0.5352478E+00
        -0.7642055E+00
        -0.2613353E+00
        -0.3540481E+00
        -0.6042660E+00
        -0.8979536E+00
        -0.9471626E-01
        -0.2262778E+01
        -0.1876603E+01
         0.4407135E+00
         0.5369643E+00
        -0.1210586E+01
        -0.1348649E+01
        -0.1268578E+00
         0.6401413E+00
         0.3652559E+00
         0.5305158E-01
         0.5383282E+00
         0.4811043E+00
         0.5948270E+00
         0.8858532E+00
        -0.1150109E+01
         0.6753680E+00
         0.3770281E+00
         0.7552087E+00
        -0.1187146E+01
         0.5034488E+00
        -0.5741104E+00
         0.1119356E+01
        -0.1481985E+01
         0.2482170E+00
         0.4312604E+00
        -0.3154907E+00
         0.3306521E+00
        -0.1377174E+00
         0.2312001E+01
         0.1719020E+01
         0.4852780E+00
         0.8845828E+00
         0.4324028E-01
        -0.9294338E+00
        -0.6526599E+00
        -0.8735170E+00
         0.1541232E+01
         0.1737443E+00
         0.6273830E-02
        -0.4886964E+00
        -0.3014826E+00
        -0.5848938E+00
        -0.6291127E+00
        -0.1312961E+01
        -0.1217253E+01
        -0.1078186E+01
        -0.1295187E+01
         0.1858951E+00
         0.3721954E-01
        -0.3206251E+00
         0.3948513E+00
         0.8957068E+00
        -0.9907979E+00
        -0.4597238E+00
        -0.7903160E+00
        -0.1439355E+00
         0.7275757E+00
         0.1720603E+01
        -0.2102240E+00
        -0.1114363E+01
        -0.1000877E+01
         0.6158081E+00
         0.5952802E+00
         0.2682355E+00
         0.1612437E+01
        -0.2104250E+01
         0.2366876E+00
         0.2787792E-02
         0.1551649E+01
        -0.1062511E+01
        -0.1564028E-01
        -0.1560478E+01
        -0.1112260E+01
        -0.5605600E+00
        -0.1403212E-01
        -0.9083649E-01
         0.1737183E+01
        -0.3060737E+00
        -0.5688730E+00
        -0.5384363E-02
         0.1434924E+01
        -0.4306326E+00
         0.1136758E+00
         0.4695388E+00
        -0.3486962E+00
        -0.4147414E+00
         0.1025803E+00
        -0.3533528E+00
         0.3243959E+00
         0.1376557E+01
        -0.2158767E+00
        -0.4642970E+00
         0.1591009E+00
        -0.7036304E+00
         0.2752196E+00
        -0.1119313E+01
         0.1644860E+01
        -0.7502179E+00
         0.1117900E+01
         0.1462477E+01
         0.1961942E+01
         0.7783895E-01
         0.7628680E+00
        -0.3069119E+00
         0.6635607E+00
         0.6564421E-01
        -0.1352216E+01
        -0.2354415E-01
         0.3274253E+00
        -0.3446363E+00
        -0.9861115E+00
        -0.9159907E+00
        -0.1446895E+01
         0.1035987E+01
         0.5217528E+00
         0.6581577E+00
        -0.1126380E+01
         0.6012131E+00
        -0.3681178E-01
         0.1652290E+01
         0.7309237E+00
         0.3911147E+00
         0.6524888E+00
        -0.1081208E+01
        -0.1306178E+01
         0.1249118E+01
         0.7651267E+00
        -0.8788946E-01
         0.2769519E+00
         0.2368419E+01
        -0.8711499E-01
         0.2029974E+00
         0.3496644E+00
         0.3807693E+00
         0.3924322E+00
         0.1224731E+01
         0.2687516E+00
        -0.5000187E+00
        -0.7086507E+00
        -0.1143217E+01
        -0.1230637E+01
         0.1351296E+00
         0.9471904E+00
         0.2704458E+00
        -0.1234651E+00
        -0.1394133E+01
        -0.5650533E+00
        -0.1060214E+01
         0.1457631E+01
        -0.1581229E+01
         0.2782273E+01
         0.7560196E+00
        -0.2857444E+00
         0.1581399E+01
        -0.4241869E+00
         0.1113120E+01
         0.9710021E+00
         0.1581166E+01
         0.1171053E+01
        -0.6866806E+00
         0.1740179E+01
        -0.4022452E+00
         0.3804002E+00
         0.6509665E+00
        -0.1052280E+01
        -0.2105686E+00
         0.2085230E+01
        -0.2443032E+00
         0.5741440E+00
         0.9699561E-01
        -0.8825401E+00
         0.2695141E+00
        -0.8785006E+00
        -0.5285719E+00
        -0.1401753E-01
         0.1519023E+00
        -0.7989203E+00
        -0.8100521E+00
         0.1359390E+00
         0.7973408E+00
         0.8288988E+00
         0.4749868E+00
        -0.1326611E+01
        -0.7992912E-01
         0.8392413E+00
         0.5662765E+00
         0.1479756E+01
        -0.9120217E+00
         0.7114445E+00
        -0.5579404E+00
         0.3587565E+00
        -0.1118891E+01
         0.1734268E+00
         0.2375752E+00
         0.5505719E+00
        -0.2673220E+00
         0.2170022E+01
        -0.3222851E-02
        -0.1816207E+00
        -0.7525989E+00
        -0.1187866E+01
         0.1347585E+01
        -0.1765678E+00
         0.1313042E+01
         0.3896389E+00
         0.1187310E+01
         0.7577009E+00
        -0.6621543E+00
         0.8493680E+00
        -0.1318494E+00
        -0.1420010E+01
         0.5014077E+00
        -0.6259166E-01
        -0.2711018E+00
         0.3858588E+00
        -0.1345899E+01
        -0.4532620E+00
        -0.1267881E+01
         0.2087011E+01
        -0.1546973E+01
        -0.3323175E+00
         0.2340968E+00
         0.1191662E+01
        -0.1065972E+01
        -0.1412016E+00
         0.1079963E+01
        -0.1560776E+00
         0.1858332E+00
        -0.4064825E+00
         0.1544200E+01
        -0.1080259E+01
         0.1164972E+01
        -0.9078702E+00
        -0.1213336E+01
        -0.6968786E+00
        -0.9393455E+00
        -0.6092134E+00
         0.3194417E+00
         0.1091251E+01
         0.8881077E+00
        -0.1011721E+01
         0.4896162E+00
        -0.2589080E+00
        -0.7492520E+00
         0.2396069E-01
         0.2617628E+00
        -0.4506700E+00
         0.8147702E+00
         0.6124788E+00
         0.1695443E+01
        -0.1864109E+01
         0.5178256E+00
         0.6987020E+00
         0.4769765E+00
        -0.6213886E+00
         0.2639378E+00
        -0.1380189E+00
         0.4077103E+00
        -0.1465711E+01
        -0.1047450E+01
         0.4301796E+00
         0.1051371E+01
        -0.1806169E+01
        -0.2810587E-01
        -0.4682314E+00
        -0.7372854E+00
        -0.2170060E+01
        -0.5357835E+00
         0.7823405E+00
        -0.7685132E+00
         0.1797866E+01
        -0.6153765E+00
        -0.1317609E+01
         0.3025020E+00
        -0.8507682E+00
        -0.6489575E+00
         0.8260829E+00
         0.1427624E+01
         0.3662126E+00
         0.9356266E+00
         0.1372931E+00
         0.2252667E+00
         0.8134216E+00
        -0.8806522E+00
        -0.1455334E+01
        -0.6777613E+00
        -0.5787707E+00
         0.6175884E+00
         0.4293859E+00
        -0.1646384E+01
        -0.7158653E+00
         0.7176614E+00
         0.2584915E+00
         0.1396268E+00
         0.1291613E+01
        -0.3131213E+00
         0.1102560E+01
        -0.2019296E+01
        -0.4927355E+00
         0.4291263E+00
         0.9705571E+00
         0.1051335E+01
        -0.2606670E+00
        -0.2561626E+00
        -0.3051622E-01
        -0.1034593E+01
         0.1739953E+00
         0.1466242E+01
        -0.5244407E+00
         0.7442945E+00
         0.8430617E-01
        -0.4852960E+00
        -0.3745180E+00
         0.1201141E+01
         0.9848305E+00
         0.1233889E+00
         0.7968713E+00
        -0.1168587E+01
        -0.1350354E+00
         0.1094337E+01
         0.1718968E+01
         0.6038081E+00
        -0.2700934E+01
        -0.9173278E+00
         0.5895617E+00
         0.2911221E-01
        -0.8071872E+00
        -0.2280212E+01
         0.9705335E+00
        -0.1199138E-01
        -0.6645518E+00
        -0.8001551E-01
        -0.1726120E+01
        -0.2288328E+00
        -0.4651178E+00
         0.9395620E+00
         0.2641308E+00
         0.8797860E+00
         0.1317301E+00
         0.1618353E+01
         0.8316251E+00
        -0.2766509E+00
        -0.5310708E+00
         0.6783403E+00
         0.5175266E+00
        -0.7593581E-01
         0.1365566E+01
        -0.1098724E+00
        -0.6411065E-01
        -0.6337293E+00
         0.4107595E+00
         0.1641687E+01
        -0.1800078E+01
        -0.1864660E+01
        -0.8268320E+00
        -0.2082476E+01
         0.1591762E+00
         0.4045976E+00
         0.8854336E+00
        -0.8745395E+00
        -0.3128857E+00
         0.1263815E+01
         0.9523253E+00
         0.1282053E+01
        -0.8434164E+00
         0.7867256E+00
         0.5976543E+00
        -0.2277569E+01
         0.2145330E+00
        -0.2168661E+01
         0.4505073E+00
         0.1487043E+01
        -0.5669285E+00
        -0.9096673E+00
         0.3343601E+00
         0.2426021E+00
        -0.7654215E+00
         0.3245012E+00
         0.1300606E+01
        -0.1247389E+01
        -0.1575344E+01
        -0.7163512E+00
         0.1077391E-01
         0.9123612E+00
        -0.1806649E+01
         0.1074303E+01
        -0.2910803E+00
        -0.7977633E+00
        -0.3882337E-01
        -0.1398015E+01
        -0.3900116E+00
         0.3375366E+00
        -0.3296655E-01
        -0.1851824E+00
        -0.5856281E+00
        -0.1832489E+01
        -0.1869144E+01
        -0.1573963E+00
        -0.2801439E+00
        -0.2706903E+00
         0.1278716E+01
         0.8452642E+00
        -0.1184219E+01
        -0.4697233E+00
         0.8924364E+00
        -0.1410520E-02
         0.3295195E+00
        -0.4468770E+00
        -0.6117965E+00
        -0.5092074E+00
         0.7567846E+00
        -0.3022627E+00
         0.6885605E+00
        -0.8396335E+00
         0.2221751E+00
        -0.9720516E+00
         0.1010658E+01
         0.6582088E+00
         0.2917366E+00
        -0.2690782E+00
        -0.2018016E+01
        -0.9517026E+00
         0.4213558E+00
         0.1853375E+01
        -0.6466529E+00
         0.2918780E+00
         0.1753696E+01
         0.9467559E+00
         0.1617156E+00
         0.5476150E+00
        -0.7109030E+00
        -0.9302440E+00
        -0.3322265E-01
        -0.1865908E+01
         0.1491872E+00
        -0.2470889E+00
         0.6734885E-01
        -0.4294329E+00
        -0.5840474E+00
        -0.7277048E+00
         0.7648087E+00
        -0.1301424E+00
        -0.3773953E-01
        -0.5739247E+00
         0.2801111E+00
        -0.4169052E-01
         0.9797489E+00
        -0.7081858E+00
         0.1369076E+01
        -0.1930220E+01
         0.6818566E+00
        -0.4516473E-01
         0.1713094E+01
         0.9943076E+00
        -0.3066324E+00
         0.6080134E-01
        -0.2996650E+00
         0.6717705E-01
        -0.1607109E+01
        -0.5180230E+00
        -0.6497662E+00
         0.1566832E+00
         0.2879238E+00
        -0.2112841E-01
        -0.9467203E-01
        -0.1634004E+01
        -0.6887544E+00
         0.7272123E+00
         0.8364866E+00
        -0.4692634E+00
         0.2163862E+00
        -0.1772139E+00
         0.1347040E+01
        -0.3167255E+00
         0.9662946E+00
        -0.1792441E+00
         0.4306088E+00
         0.7043786E+00
         0.1055220E+00
         0.1712409E+00
         0.1385906E+01
        -0.2739908E+00
         0.2795497E+00
         0.8830158E+00
         0.5626289E+00
         0.1828871E+01
        -0.1321070E+01
         0.5334040E+00
         0.1097338E+01
         0.1683579E+01
         0.2448319E+01
        -0.1574904E+00
        -0.8937686E+00
        -0.6133267E+00
        -0.1871130E+01
         0.8425375E+00
        -0.8316048E+00
         0.1243795E+01
        -0.8613342E+00
        -0.2184520E+00
         0.1804241E+00
         0.6728005E+00
        -0.7518534E+00
         0.9802501E+00
        -0.9183274E+00
         0.3614546E-01
         0.7346004E+00
        -0.6580344E-01
         0.5496117E+00
        -0.1949759E+01
        -0.2495976E+00
        -0.1329505E+01
        -0.2512109E+00
        -0.6704797E+00
        -0.1015567E+01
        -0.6541480E-01
        -0.6782519E+00
        -0.5697003E+00
         0.9393674E+00
        -0.1782495E+00
        -0.9753902E+00
         0.5406998E+00
         0.5447173E+00
         0.2097329E+01
         0.3866017E+00
         0.4500192E+00
         0.1366352E+01
        -0.1072835E+01
         0.1142413E+00
        -0.9176612E+00
         0.2199138E+00
         0.9187136E+00
        -0.2334338E+00
        -0.9326779E+00
         0.3664333E+00
         0.9416508E-01
        -0.7227472E+00
        -0.1220416E+01
         0.5436552E+00
        -0.1038603E+01
         0.5818419E+00
        -0.1181104E+01
        -0.6961456E+00
        -0.1119940E+01
        -0.1434515E+01
        -0.5956196E+00
        -0.1608405E+01
         0.2603327E+00
        -0.5118451E+00
        -0.7954262E+00
         0.4317712E+00
        -0.1387597E+01
         0.1281523E+01
         0.4378837E+00
         0.9862125E+00
        -0.1366179E+00
         0.4102321E+00
        -0.5175567E+00
         0.3647722E+00
         0.1151866E+01
         0.6458388E+00
        -0.6710914E+00
         0.8958526E+00
         0.1012321E+01
         0.1439611E+00
        -0.1934179E+01
        -0.6072169E+00
