         0.9751713E-01
         0.7171143E+00
        -0.1757910E+01
         0.9920716E+00
        -0.1542204E+00
         0.9047770E+00
        -0.1655317E+01
        -0.1826124E+01
        -0.1254081E+01
        -0.2009903E+01
         0.1074420E+00
         0.2116952E+01
         0.1487584E+01
        -0.1135140E+01
        -0.1445537E+01
        -0.1736695E-01
        -0.1292292E+00
         0.2418297E+01
         0.2140889E+01
         0.8894250E+00
        -0.1080001E+01
         0.5726342E+00
        -0.2411359E+01
        -0.1420189E+01
         0.1008630E-01
        -0.1267382E+01
        -0.7972139E+00
        -0.2653185E-01
        -0.1107553E+00
        -0.1601109E+01
        -0.6209314E+00
        -0.6510407E+00
         0.5785773E+00
         0.2229261E+01
        -0.4208018E+00
        -0.3277513E+01
         0.1094349E+00
        -0.2475126E+01
         0.1341705E+01
         0.3305201E+00
         0.9671087E+00
        -0.3137611E+01
        -0.2334292E+01
        -0.1120323E+00
         0.1008726E+01
        -0.2459675E+01
        -0.1241001E+01
        -0.5204834E+00
        -0.2017980E+01
        -0.3151887E+00
        -0.3070527E+01
        -0.2038214E+01
         0.2153537E+01
        -0.2444878E+01
         0.1426051E+01
         0.3223409E+01
        -0.1652303E+01
         0.9211239E+00
         0.2321983E+01
        -0.2904715E+01
         0.2720851E+00
         0.4657117E+00
         0.1612831E+01
         0.1829347E+01
        -0.9865246E+00
        -0.1374282E-01
         0.1352830E+00
        -0.2700114E-01
        -0.4205615E+00
        -0.2209976E+00
         0.1563283E+01
        -0.4182710E+00
        -0.1404478E+01
         0.5829644E+00
         0.1813038E+01
         0.2490462E+01
         0.5004485E+00
        -0.8592787E+00
         0.1887841E+01
         0.1798302E+01
         0.1463441E+01
         0.9914882E+00
         0.6659919E+00
         0.1044359E+01
        -0.5170212E+00
        -0.3429745E+01
         0.1896139E+01
         0.1060430E+01
         0.1314566E+01
        -0.1090825E+01
        -0.2179329E+01
        -0.5132004E+00
         0.2105344E+01
        -0.6471140E+00
         0.1215675E+01
         0.1263930E+00
        -0.1847196E+01
        -0.6261590E-01
         0.7330732E+00
         0.1270593E+00
         0.1723070E+01
         0.4810877E+00
         0.7035234E-01
        -0.1014162E+01
        -0.2931055E+01
        -0.1422279E+01
         0.1179790E+01
         0.6840887E-01
        -0.1741210E+01
        -0.1460541E+01
         0.9143151E+00
        -0.2514420E+01
         0.1224114E+01
        -0.1407930E+01
        -0.2765488E+00
        -0.1296660E+01
         0.1259672E+01
        -0.2497358E+01
         0.1601772E+00
        -0.7292993E+00
        -0.3293273E+00
         0.7574140E+00
        -0.1791645E+01
        -0.1736034E+00
        -0.1146024E+01
        -0.2346742E+01
        -0.1600792E+00
         0.1901957E+01
        -0.2416334E+01
        -0.1988397E+01
         0.1847764E+01
        -0.1536895E+01
         0.1530104E+01
        -0.1990354E+01
         0.4113945E+00
         0.2221714E+01
        -0.2769689E+01
         0.1549098E+00
         0.7790935E+00
        -0.1593503E+01
         0.2127804E+01
        -0.1699736E+01
         0.2328692E+01
        -0.1950205E-01
        -0.1348714E+01
        -0.9953798E+00
         0.1733092E+01
         0.2085479E+01
         0.2248244E+01
        -0.1475536E+00
         0.7029093E+00
        -0.1498352E+00
         0.1145207E+01
        -0.3723079E+00
         0.1961109E+01
        -0.2319913E+01
         0.7911108E+00
         0.3925010E+01
         0.1755879E+01
         0.8851846E-01
         0.1829532E+01
         0.2439124E+00
        -0.2398724E+01
        -0.3291128E+00
        -0.5629059E+00
        -0.8406850E+00
         0.3317391E+00
        -0.1843525E+01
         0.1422683E+01
         0.1466050E+01
        -0.2366681E+01
         0.2462202E+01
        -0.2582199E+01
        -0.2214203E+00
         0.9488548E-01
         0.1160148E+01
         0.1011480E+01
        -0.9445846E+00
        -0.6134059E+00
         0.7156813E+00
        -0.7688836E+00
         0.7407129E-01
        -0.5398684E-01
        -0.2528809E+01
         0.1903787E+01
         0.3138375E+00
        -0.4551572E+00
        -0.9307255E+00
        -0.8400809E-01
         0.1000980E+00
        -0.1034074E+01
        -0.1767572E+01
        -0.5765432E+00
         0.3800963E+00
         0.2520145E+01
         0.1169954E+01
         0.1314119E+01
        -0.3197057E+01
        -0.4307731E+00
         0.1539111E+01
         0.2512716E+00
         0.2445702E+01
        -0.1522264E+01
         0.6970421E+00
         0.4788604E+00
        -0.2159439E+00
        -0.1721323E+01
        -0.1259834E+01
        -0.1911562E+00
        -0.1268587E+01
         0.1034750E+01
         0.1044055E+01
        -0.2244451E+01
         0.5144449E+00
        -0.2037496E+01
         0.3180285E+00
         0.1764732E+01
        -0.6761537E+00
         0.1540981E+01
        -0.1644579E+01
         0.1042133E+01
        -0.1401597E+01
        -0.4521412E+00
         0.1738373E+01
         0.1018574E+01
        -0.1028971E+01
        -0.5874688E+00
         0.1014083E+01
        -0.1418882E+01
         0.2132278E+01
         0.9077563E+00
        -0.7558075E+00
        -0.1601665E+01
         0.6119881E+00
         0.1939665E+01
         0.8879157E+00
         0.6981419E+00
        -0.3069292E+01
         0.1615381E+01
         0.8574103E+00
        -0.3353971E+00
        -0.1448213E+01
         0.2350306E+01
         0.2100832E+01
         0.2489388E+01
        -0.1708431E+01
        -0.2887439E+01
        -0.3726134E+00
         0.5590052E+00
         0.1427211E+01
        -0.2764950E+01
         0.6070208E+00
        -0.1041221E+01
        -0.1341742E+01
        -0.2127162E+01
        -0.5217754E+00
         0.2442389E+01
        -0.1877081E+01
        -0.5995455E+00
         0.1719586E+01
         0.2004114E+01
         0.1341777E+01
        -0.8946828E+00
         0.1752722E+01
        -0.1348466E+01
        -0.1460206E+01
         0.2476286E+01
        -0.1721412E+00
        -0.1355850E+01
        -0.2082597E+01
        -0.1011565E+01
         0.2222353E+01
        -0.5779268E+00
         0.8297609E+00
         0.1497374E+01
        -0.2285411E+01
        -0.9322586E+00
        -0.3275001E+01
         0.1705410E+01
        -0.1157276E+01
         0.7844264E+00
         0.1715802E+01
         0.2580655E+00
        -0.7577659E+00
         0.8629234E+00
         0.2149225E+01
         0.1722114E+01
         0.5223800E+00
         0.9396029E+00
        -0.5838223E+00
        -0.1445511E+01
         0.7596927E+00
        -0.2006404E+01
        -0.1047232E+01
         0.3293448E+01
        -0.5830902E+00
         0.1052166E+00
         0.2997524E+01
         0.2454785E+01
        -0.1168851E+01
        -0.4277198E+00
        -0.1212274E+01
        -0.2552543E+01
        -0.1814136E+01
        -0.1373228E+01
        -0.8427111E+00
        -0.2884872E+01
         0.2254110E+01
         0.9667658E+00
        -0.2564079E+01
         0.1649368E+00
        -0.1161978E+01
        -0.1263819E+01
         0.1391570E+01
        -0.7493081E+00
         0.2752711E+01
         0.2208300E+01
        -0.2034246E+00
         0.2610032E+01
         0.2044580E+01
         0.1369499E+01
         0.3785607E+00
         0.2046321E+01
        -0.9578234E+00
         0.1195166E+01
        -0.3668825E+00
        -0.1693601E+01
         0.2044688E+01
        -0.1758088E+01
        -0.2004793E+01
        -0.1673059E+01
         0.1336437E+01
         0.2222151E+01
         0.2433834E+01
         0.1567262E+01
        -0.3065103E+01
         0.1962614E+00
        -0.1288124E+01
        -0.1581044E+01
         0.1891803E+01
         0.7965234E-01
         0.7420682E+00
         0.1099160E+01
        -0.1112892E+01
        -0.2859600E+01
         0.8292997E+00
        -0.1339680E+01
         0.1694424E+01
        -0.6378908E+00
         0.8147965E+00
        -0.2140933E+01
        -0.8280581E+00
         0.3787894E+00
        -0.1294624E+01
        -0.2314693E+01
        -0.1294670E+01
         0.2179467E+01
        -0.1502340E+01
         0.1168866E+01
         0.2851630E+01
        -0.1439717E+01
        -0.1684326E+01
        -0.2153844E+00
         0.1653185E+01
         0.1444995E+01
        -0.1145147E+01
        -0.1848684E+01
        -0.2589977E+01
         0.9764295E+00
        -0.8071981E+00
         0.2305910E+01
         0.1561702E+01
        -0.1044526E+01
         0.8248649E+00
        -0.2441516E+01
        -0.2241518E+01
        -0.1939671E+01
         0.2937606E+00
         0.1499989E+01
        -0.2156168E+01
        -0.1267824E+01
        -0.1217952E+01
         0.1185662E+00
        -0.3047092E+01
         0.9265643E+00
         0.1178546E+01
        -0.1016077E+01
        -0.1890999E+01
         0.1137696E+01
        -0.2938178E+01
         0.1140449E+00
         0.1575365E+01
         0.4751357E+00
         0.1166581E+01
         0.1985700E+01
         0.1229233E+01
        -0.1741175E+00
         0.1007604E+01
         0.1306494E+01
        -0.1322407E+01
        -0.1884354E+01
         0.1399623E+01
         0.1552163E+01
        -0.1721805E+01
         0.5627934E+00
        -0.2781393E-02
         0.1297134E+01
        -0.1921283E+01
         0.2037027E+01
        -0.1219322E+01
         0.5745532E+00
        -0.1302240E+01
        -0.1217685E+01
        -0.2091710E+01
        -0.1957527E+01
         0.1273179E+01
        -0.1068931E+01
        -0.3186357E+01
         0.1741390E+01
        -0.9504329E+00
        -0.4607625E+00
         0.2839425E+00
        -0.9132929E+00
         0.2145104E+01
         0.1677719E+01
         0.2089060E+01
         0.6143301E+00
        -0.2554298E+01
         0.1268650E+01
         0.7262680E+00
        -0.6150075E+00
         0.3238384E+01
         0.1350167E+01
        -0.8519293E+00
        -0.1350273E+01
         0.1212772E-01
        -0.1532585E+01
         0.1937490E+01
         0.1369635E+01
        -0.1251111E-01
         0.1160394E+00
         0.1644460E+01
        -0.3417648E+00
        -0.1090137E+01
         0.1737191E+00
         0.6281266E+00
        -0.9704801E+00
         0.1631758E+00
        -0.7245110E-01
         0.4712759E+00
         0.2359795E+01
         0.4289293E+00
         0.2074493E+01
        -0.2143213E+00
         0.1280557E+01
         0.2435343E+01
         0.2140811E+01
        -0.1269686E+01
         0.1292091E+01
        -0.2580459E+00
        -0.6172676E+00
        -0.1812873E+01
         0.7575971E+00
         0.7298394E+00
         0.1736815E+01
         0.1357819E+01
        -0.1187964E+01
         0.2087181E+00
         0.2407422E+01
        -0.1179106E+01
         0.1384433E+01
         0.2317556E+01
         0.1719175E+01
         0.1213246E+01
         0.1166786E+01
         0.1490899E+00
        -0.8531108E+00
         0.2534376E+00
         0.1966100E+00
        -0.1714195E+01
         0.1012659E+01
         0.1395985E+01
         0.2102928E+01
        -0.5782026E+00
         0.9081632E+00
        -0.2491949E+01
        -0.1709920E+00
        -0.2728689E+00
         0.7734935E+00
         0.8721545E+00
         0.9632000E+00
        -0.2346558E+01
         0.1023170E+01
         0.7989372E-01
         0.1395978E+01
         0.2261530E+01
        -0.3043675E+01
         0.7717762E+00
        -0.4684436E+00
        -0.1500957E+01
        -0.1619765E+00
        -0.2567634E+01
         0.1632435E+01
        -0.2587715E+01
         0.8428414E+00
        -0.1142970E+01
        -0.1609129E+00
         0.6336290E+00
         0.8966909E-01
         0.1063903E+01
        -0.2657590E+00
        -0.1617455E+01
        -0.2741790E+01
        -0.4294145E+00
        -0.3519116E+01
         0.8303043E+00
        -0.1551029E+01
         0.1533842E+01
         0.7614032E+00
        -0.6882132E+00
         0.7511099E-01
         0.4972401E+00
        -0.3050320E+01
         0.1086070E+00
         0.1333908E+01
        -0.2588789E+01
         0.1739463E+01
        -0.3595150E+00
        -0.9791272E+00
         0.2034062E+01
        -0.1767825E+01
         0.1296062E+01
         0.1092839E+01
        -0.1447213E+01
         0.6571389E+00
        -0.2590166E+01
        -0.1894795E+01
        -0.5134770E+00
        -0.1680698E+01
         0.1052157E+01
        -0.1629320E+01
         0.1063666E+01
         0.2276261E-01
        -0.1409165E+01
        -0.2725213E+01
         0.1383290E+01
         0.9826388E+00
         0.7459913E+00
         0.5457544E+00
         0.1263503E+01
         0.9922351E+00
        -0.1931393E+00
        -0.8547429E+00
        -0.2462532E+01
        -0.4676862E+00
        -0.3971584E+00
        -0.2342223E-01
        -0.5629335E+00
        -0.1479475E+00
         0.1643779E+01
        -0.1740115E+01
         0.9430831E+00
         0.1407129E+01
         0.9924856E+00
         0.3859503E+01
         0.1029349E+01
        -0.2334691E+01
         0.5147412E+00
        -0.1955488E+01
         0.1808109E+01
        -0.7793770E+00
         0.1217325E+01
         0.1476547E+00
         0.2787169E+01
         0.1329209E+01
         0.2390480E+00
        -0.1260677E+01
        -0.6924599E+00
        -0.6192109E+00
         0.1629132E+01
        -0.1039658E+00
         0.2135923E+01
         0.8756088E+00
         0.3248005E+01
         0.7038546E+00
        -0.5089994E+00
         0.1116313E+01
         0.2136401E+01
        -0.4586699E+00
         0.7578447E+00
         0.1711927E+01
        -0.1952183E+01
         0.1390223E+01
        -0.6057958E+00
         0.6718600E+00
        -0.2336600E+01
        -0.1473564E+01
        -0.1905067E+01
        -0.2385744E+01
         0.2584405E+01
        -0.8911140E+00
         0.2100002E+01
        -0.7775034E-01
         0.2782844E+01
         0.1563201E+01
        -0.2713163E+00
         0.6506011E+00
        -0.1109182E+01
         0.1526307E+01
         0.2107679E+00
         0.2111059E+01
        -0.2642101E+01
         0.1575334E+01
         0.1999636E+01
         0.1388780E+01
         0.8048985E+00
         0.5770366E+00
        -0.6409653E+00
         0.1900050E+01
         0.2787239E+00
        -0.1891674E+01
        -0.2687795E+00
        -0.2022384E+01
         0.2585103E+01
        -0.1653719E+01
         0.9254324E+00
        -0.1196655E+01
         0.1114921E+01
         0.1815736E+01
         0.7207254E+00
        -0.1711711E+01
        -0.8201328E+00
        -0.3637510E+00
        -0.1876286E+01
         0.1550632E+01
        -0.8077939E+00
         0.1311835E+01
         0.1905942E+01
        -0.1122171E+01
        -0.1955617E+01
         0.4146311E+00
        -0.1283587E+01
        -0.1530893E+01
        -0.8823752E+00
         0.1057101E+01
         0.3130243E+01
        -0.2282481E+01
        -0.1870676E+00
        -0.7477741E+00
        -0.6984251E+00
         0.5706662E-01
        -0.9559717E+00
         0.3536420E+00
        -0.1637248E+01
        -0.2770375E+01
        -0.8044974E+00
        -0.2360619E+01
        -0.2465310E+01
        -0.2159242E+01
         0.2088490E+01
        -0.2485463E+01
        -0.1345299E+01
        -0.1394843E+01
         0.1627712E+01
        -0.2254885E+01
         0.1765516E+01
         0.2908095E+01
        -0.2305536E+00
        -0.6186615E+00
         0.1042737E+00
         0.2086980E+01
        -0.8310981E+00
        -0.1391702E+01
         0.4710095E-01
         0.1945545E+01
        -0.1329656E+01
         0.2351816E+00
         0.4014499E+01
         0.3222399E+00
         0.1641884E+01
         0.2025516E+01
         0.4116654E+00
        -0.7960681E+00
        -0.1351988E+01
         0.1158808E+01
         0.1481217E+01
         0.9217480E+00
         0.1434466E+01
        -0.5791911E+00
         0.4633452E-01
        -0.1866791E+01
        -0.7320211E+00
         0.5423569E+00
         0.1161136E+01
         0.1304490E+01
        -0.1874186E+01
         0.2952048E+00
         0.1076853E+01
         0.6013980E+00
        -0.2018822E+01
        -0.1438892E+01
        -0.1747665E+01
        -0.3252559E+01
         0.1825175E+01
        -0.1810354E+01
        -0.8899455E+00
         0.2598889E+01
         0.2752868E-01
        -0.8927621E+00
        -0.3087479E+01
         0.2113174E+01
        -0.1992118E+01
        -0.2568248E+00
        -0.1521802E+01
         0.6221650E+00
         0.6618002E+00
         0.2277717E+01
        -0.1140586E+01
        -0.4982086E-01
        -0.9638240E+00
         0.1621993E+01
         0.1958001E+01
        -0.1987103E+01
        -0.1424406E+01
         0.2966592E+00
        -0.1255523E+01
        -0.4025215E+01
        -0.1705248E+01
         0.1781699E+01
        -0.4338883E+00
         0.9368931E+00
         0.1665876E+01
        -0.1855711E+01
         0.1391355E+01
        -0.1875785E+01
         0.1925316E+01
        -0.8689913E+00
         0.6033798E+00
         0.1613224E+01
         0.8774041E+00
        -0.1913957E+01
        -0.5788854E+00
        -0.1564790E+01
         0.1377506E+01
        -0.5655596E+00
        -0.1380138E+00
         0.1135788E+00
        -0.1430692E+01
         0.6360563E+00
        -0.1226746E+01
         0.1232810E+01
         0.8970543E+00
        -0.2078928E+01
         0.1640225E+01
         0.1237984E+01
         0.2514120E+00
        -0.1282849E+01
         0.8331368E+00
         0.1551909E+01
         0.1178077E+01
         0.1996194E+01
         0.7216585E+00
        -0.5818267E+00
        -0.1695141E+01
        -0.1551448E+01
        -0.8730982E+00
         0.3177689E+01
        -0.4048696E+00
         0.7723009E+00
         0.3176226E+00
         0.1982030E+01
         0.1038322E+00
        -0.8463141E+00
        -0.1355529E+01
         0.1447835E+01
        -0.9459424E+00
         0.6742287E+00
         0.2975338E+01
         0.8501488E+00
         0.8893032E+00
        -0.1328121E+01
        -0.5391121E+00
        -0.2890334E+01
        -0.1019295E+01
        -0.3534854E+01
        -0.5264186E+00
        -0.1253329E+01
        -0.1904299E+01
         0.2671487E+01
         0.1785237E+01
        -0.2087648E+01
         0.1185207E+01
        -0.2701650E+01
        -0.4089595E+00
         0.1423027E+01
        -0.1104807E+01
        -0.3309615E+00
         0.2097041E+01
        -0.1343456E+01
        -0.1052278E+01
         0.2273632E+01
         0.1458071E+01
        -0.1757200E+01
         0.4079362E+00
         0.1793037E+01
        -0.2000438E+01
        -0.1740266E+01
         0.2834031E+01
         0.1689620E+01
        -0.2801758E+00
         0.1177568E+01
        -0.1702765E+01
         0.9437440E+00
         0.5709964E+00
         0.2016470E+01
         0.2246897E+01
        -0.1745557E+01
        -0.2014771E+01
        -0.1305734E+01
        -0.6456008E+00
         0.1818663E+01
         0.1158225E+01
        -0.1421100E+01
         0.3401991E+00
        -0.9256152E+00
        -0.2597704E+01
        -0.2112035E+00
        -0.1639137E+01
         0.8317331E+00
         0.3190624E+00
         0.1567312E+01
         0.1339800E+01
        -0.1554009E+01
        -0.3221293E+01
        -0.9396491E+00
        -0.2034062E+01
         0.1600086E+01
         0.9735722E+00
         0.3291420E+01
         0.1828937E+01
         0.3060624E+00
         0.4382627E+00
         0.1430945E+01
         0.9825163E+00
        -0.2039490E+01
        -0.9000777E+00
         0.2169115E+00
        -0.1346733E+01
        -0.7004088E+00
        -0.2670770E+00
        -0.1920115E+01
         0.5850700E+00
        -0.6069368E+00
        -0.1719989E+01
        -0.1987009E+01
         0.7541948E+00
        -0.1074448E+01
         0.5956143E+00
         0.1945619E+01
        -0.1474362E+01
         0.2228192E+01
        -0.2126146E+01
         0.1236852E+00
         0.5626049E+00
         0.1498408E+01
         0.9909167E+00
         0.1266802E+01
        -0.1769976E+01
         0.2457812E+00
         0.1069295E+01
         0.1846730E+00
        -0.1385071E+01
         0.7950991E+00
        -0.1072424E+01
         0.1712364E+01
         0.9710137E+00
         0.1823809E+01
         0.5722533E+00
        -0.8304753E+00
        -0.1395943E+00
        -0.1824494E+01
         0.1430374E-01
         0.1434551E+01
        -0.1906971E+01
        -0.2905298E+01
        -0.1168680E+01
        -0.2255175E+01
        -0.2232750E+00
         0.4327660E+00
         0.1364469E+01
         0.7024975E+00
        -0.9090415E+00
        -0.1848017E+00
         0.1239381E+01
        -0.1596651E+01
         0.4880774E+00
        -0.2717283E+01
         0.1604491E+01
        -0.3837544E+00
        -0.1818953E+01
        -0.1182396E+01
         0.5082149E+00
        -0.4227800E+00
        -0.3671004E+00
        -0.1208584E+01
        -0.2753446E+01
        -0.1955451E+01
         0.1832352E+01
        -0.1887285E+01
         0.1588591E+01
         0.1660069E+01
        -0.2173398E+01
         0.1610671E+01
         0.6107638E+00
        -0.1112724E+01
        -0.1883883E+01
         0.1402613E+01
        -0.1337090E+01
        -0.1933762E+01
        -0.1675357E+01
        -0.1110368E+01
         0.3781375E+00
        -0.6114136E+00
         0.3409685E+00
        -0.4912929E+00
        -0.2393537E+01
         0.1121623E+01
        -0.9060203E+00
        -0.2844625E+01
         0.2193400E+01
        -0.3548225E+00
        -0.1098051E+01
        -0.1824957E+01
        -0.2046360E+01
        -0.1112675E+01
         0.1908285E+01
        -0.2091240E+00
         0.4773037E+00
         0.1078988E+01
        -0.2524278E+01
         0.3666127E+01
         0.1191223E+01
        -0.7693104E+00
         0.5808733E+00
         0.1491660E+01
         0.2474365E+01
        -0.1722636E+01
        -0.8806167E+00
        -0.3432418E+00
        -0.2905183E+00
         0.1981310E+01
         0.1280561E+01
         0.1204273E+01
        -0.2658288E+01
        -0.2283376E+01
         0.1318244E+01
        -0.2496007E+01
         0.1821038E+01
        -0.1832809E+01
        -0.2725730E+00
        -0.2251217E+01
        -0.1177577E+01
         0.1351355E+01
         0.9412062E+00
        -0.9455568E+00
         0.7842616E-01
        -0.2823894E+00
         0.1807629E+01
        -0.7332587E+00
         0.1521937E+01
        -0.1927052E+01
        -0.6572405E+00
        -0.1621860E+01
        -0.7600596E+00
         0.3042792E+00
        -0.2696892E+01
        -0.2159134E+01
        -0.1343471E+01
         0.7191952E+00
         0.2809676E+01
        -0.1203458E+01
         0.1475327E+01
         0.6033765E+00
        -0.1099885E+01
         0.1709372E+00
        -0.9160714E+00
         0.2290993E+01
        -0.1990457E+01
         0.7304756E+00
        -0.1511201E+01
        -0.1120636E+01
        -0.2017572E+01
        -0.1439153E+00
        -0.5965370E-01
        -0.1820827E+01
         0.1771707E+01
         0.2057156E+00
         0.1670112E+01
         0.1902201E+01
         0.1183689E+01
