        -0.1149029E+00
        -0.1249084E+01
        -0.6066331E+00
         0.2503144E+01
        -0.7896762E+00
        -0.3034530E+00
        -0.1541632E+01
        -0.1467409E+01
         0.1344386E-01
        -0.3555462E+00
        -0.3239551E+00
        -0.1170140E+01
         0.6833922E+00
         0.1224579E+01
        -0.1222528E+01
        -0.5644864E-01
         0.4209102E+00
         0.7497845E-01
         0.1074538E+01
        -0.3628422E-01
         0.6145867E+00
        -0.2705658E+01
         0.8214970E-01
         0.3003396E+00
         0.2574867E+01
         0.9048762E+00
        -0.1783920E+01
        -0.6047894E+00
         0.7773721E+00
         0.6639175E+00
         0.1354671E+01
        -0.3444376E+00
        -0.1830624E+01
        -0.1834961E+01
         0.2655588E-02
         0.1581527E+00
        -0.2135951E+01
         0.7125540E+00
         0.4262401E+00
         0.1107255E+01
         0.5073409E+00
         0.4189117E+00
        -0.7117196E+00
         0.4608098E-01
         0.6947348E+00
         0.2636543E+00
         0.1128811E+01
         0.4275676E+00
         0.5179637E+00
         0.3537547E+00
         0.9926141E+00
         0.1997856E+01
         0.4908480E+00
         0.1387841E+01
         0.6665014E+00
        -0.9853236E+00
        -0.2104244E+00
        -0.4707678E+00
         0.4929466E+00
        -0.1034163E+01
        -0.5402455E+00
        -0.2530013E+00
         0.1244802E+01
        -0.1394075E+01
         0.9622421E-01
        -0.7817137E+00
        -0.9156282E+00
         0.1129780E+00
         0.5094238E+00
         0.7379351E+00
         0.5782072E-01
        -0.8414450E+00
        -0.1803422E+01
        -0.4490398E+00
        -0.1445440E+00
         0.5059593E+00
        -0.2138675E+01
         0.1159098E+01
         0.1896596E+01
         0.2095642E+01
        -0.2299016E+01
         0.3094806E-01
         0.1457808E+00
         0.1215387E+00
        -0.8800415E+00
        -0.6555355E+00
         0.3662220E+00
        -0.1252979E+01
         0.1003418E+01
         0.9521735E+00
        -0.1207461E+01
         0.7740358E+00
         0.5250702E+00
        -0.2939020E+00
        -0.1330807E+00
        -0.7836196E+00
         0.2599864E-01
         0.1865287E+01
        -0.2088506E+01
         0.8081312E+00
        -0.7495198E+00
         0.4633723E+00
        -0.5479643E+00
        -0.8888304E+00
        -0.1084343E+01
         0.8363238E-01
         0.1004987E+01
        -0.1761768E+00
        -0.1289453E+01
        -0.1539959E+01
         0.5718252E+00
        -0.9307090E+00
        -0.7275205E+00
        -0.1430081E+01
        -0.6199437E+00
         0.1771225E+01
        -0.6730341E+00
        -0.1637152E+01
         0.1128849E+01
        -0.4926014E+00
        -0.7539703E+00
        -0.5950850E+00
        -0.7951070E+00
         0.1453641E+01
        -0.3182027E+00
         0.1105339E+01
         0.4465479E+00
        -0.1312594E+00
         0.5766002E+00
         0.2261825E+00
         0.1220344E+01
         0.2069995E+00
         0.3671709E+00
        -0.2345714E-01
         0.3589611E+00
        -0.2041577E+01
        -0.8237010E+00
        -0.7456065E+00
         0.1931012E+01
        -0.5711838E-01
        -0.6377042E-01
        -0.8514160E+00
        -0.8274359E+00
        -0.1399215E+01
        -0.1186012E+01
        -0.8292890E+00
        -0.1502310E+01
         0.2845575E+00
        -0.1009198E+01
         0.5438852E+00
        -0.2964357E+00
        -0.1678684E+01
         0.3927115E+00
        -0.2571381E+01
        -0.9024078E+00
        -0.5505383E+00
        -0.1968131E-01
         0.8606537E+00
        -0.1197360E+01
         0.1593285E+01
         0.1063818E+01
         0.4910658E+00
        -0.1844128E+01
        -0.9735568E+00
        -0.6430233E+00
        -0.4757401E+00
        -0.9807369E+00
        -0.4873622E+00
         0.3489433E+00
         0.9761166E+00
        -0.1084804E+01
         0.1269115E+01
         0.2499608E+00
        -0.1117074E+01
         0.9251256E+00
         0.5243984E-01
        -0.2472185E+01
        -0.2483911E+01
        -0.1219301E+01
         0.1298939E+00
         0.3232900E+00
        -0.4631993E+00
        -0.1006124E+01
        -0.5248367E+00
         0.1743854E+01
         0.1560791E+01
         0.2784003E+00
        -0.4332864E+00
        -0.2965676E+01
        -0.1129792E+01
         0.5710771E+00
         0.1812868E+01
         0.2296945E+00
         0.4857885E-01
         0.1600137E+00
         0.5810141E+00
        -0.2689978E+00
         0.1112040E+01
        -0.2345165E+01
         0.3276884E-01
         0.6498749E-03
        -0.6129630E+00
         0.5562543E-01
        -0.3662868E-01
        -0.7955761E+00
         0.6120281E+00
        -0.9590909E+00
        -0.7572290E+00
         0.1563839E+01
         0.6663732E+00
         0.6980834E+00
        -0.2993663E+00
         0.1928670E+01
        -0.1408587E+01
        -0.9622802E+00
        -0.2019562E+00
        -0.1631111E+01
         0.7709142E+00
         0.3216438E+00
         0.3536914E-02
         0.6404007E+00
         0.1018035E+01
        -0.2583862E+01
         0.7908308E+00
         0.1336754E+01
        -0.3447392E+00
         0.2456203E+00
        -0.9606413E+00
         0.4710633E+00
        -0.2642042E+00
        -0.1403531E+01
        -0.2280909E+01
         0.8567802E+00
         0.2035832E+01
        -0.1342871E+01
        -0.6266536E+00
        -0.9382363E+00
         0.6516321E-01
        -0.1097770E+01
         0.7927281E-01
        -0.9172331E+00
        -0.3845059E-01
        -0.7229205E+00
        -0.2786873E+00
         0.1185662E+01
        -0.1317075E+01
         0.1716467E+01
         0.8465570E+00
         0.2221213E+01
        -0.5813643E+00
         0.2356029E+00
        -0.1418476E+01
         0.2210535E+00
        -0.2555693E+01
         0.5856883E+00
        -0.8836266E-01
         0.1478707E+01
        -0.1259514E+00
         0.1462286E+01
         0.7369832E+00
        -0.2471205E+00
        -0.2223240E+01
        -0.3210991E+01
        -0.1295403E+01
        -0.7631085E+00
        -0.8756528E+00
        -0.8511088E+00
         0.9252197E-01
        -0.2407395E+00
         0.1104496E+00
         0.2498999E+00
         0.1095817E+01
         0.1643751E+01
        -0.2584417E+00
        -0.1340528E+01
        -0.1970713E+01
         0.4119368E+00
         0.1766928E+01
         0.2592954E+01
        -0.8501328E+00
        -0.9236917E+00
        -0.5505436E+00
         0.4726156E+00
        -0.1873201E+01
        -0.1300332E+00
        -0.1672648E+01
        -0.1051574E+01
         0.5547861E+00
        -0.6673554E-01
        -0.1915188E+00
        -0.4217343E+00
        -0.1565052E+01
         0.1602683E+01
        -0.1616837E+01
         0.3227973E+00
         0.3835981E-01
         0.7317207E+00
        -0.3537602E+00
        -0.9629273E+00
        -0.3211782E+00
         0.2023964E+01
         0.8344451E+00
         0.3787231E+00
        -0.6475215E+00
        -0.7013119E+00
         0.1337640E+01
        -0.2616285E+01
         0.5093834E-01
        -0.5547019E+00
         0.3035344E+00
         0.6800969E+00
         0.1823556E+00
        -0.2660912E+01
         0.4473624E+00
        -0.1041699E+01
        -0.4864956E+00
        -0.1754199E+01
         0.5869747E+00
         0.7090645E+00
        -0.7609867E+00
         0.2692182E+00
        -0.2037799E+00
         0.1420327E+01
         0.7201208E-01
         0.1359846E-03
         0.5873477E+00
        -0.1026001E+01
        -0.2104370E+00
        -0.1522629E+01
         0.2461525E+00
         0.4694020E+00
        -0.2727933E+00
         0.2037388E+00
         0.4828235E+00
        -0.1097692E+01
        -0.4198219E+00
        -0.5832969E+00
         0.2308075E+00
        -0.7122872E-01
        -0.1594053E+01
        -0.4935990E+00
        -0.5762564E+00
        -0.1252571E+01
         0.1924341E+01
        -0.1140946E+01
         0.9206664E+00
         0.2974296E+00
         0.1948152E+01
        -0.1853406E+01
        -0.4011761E+00
        -0.1424352E+01
         0.2796435E+00
         0.1034664E+01
        -0.8061678E+00
         0.1979026E+01
        -0.1019403E+01
        -0.2706698E+00
         0.1685588E+01
         0.5713040E+00
        -0.4533241E+00
         0.1804989E+01
        -0.5774957E-01
         0.2524260E+01
         0.4767597E+00
        -0.1605340E+01
        -0.2189987E+00
         0.7220937E+00
        -0.2465224E+00
         0.1632472E+01
        -0.5993732E+00
         0.1533214E+01
        -0.2870381E+00
         0.2086397E+01
        -0.7420803E+00
        -0.2369366E+01
        -0.1105719E+01
         0.8063256E+00
         0.2675290E+00
        -0.1491224E+01
         0.1317961E+01
        -0.6572297E-01
         0.5959898E-01
        -0.4559601E+00
        -0.1325901E+00
        -0.6458625E+00
         0.1024069E+01
         0.1167725E+01
         0.6638550E+00
         0.7645867E-01
         0.8201783E+00
        -0.1809710E+00
         0.1002702E+01
        -0.2044090E+01
        -0.1102061E+00
         0.6079923E+00
         0.1059742E+01
         0.2424335E+00
         0.2149915E+01
        -0.1019918E+01
         0.5419960E+00
         0.3500525E+00
         0.1974659E+01
         0.5375523E+00
        -0.9712256E+00
        -0.1944344E+00
        -0.2511249E+00
        -0.2113490E+00
        -0.1562598E+01
        -0.3505774E+00
        -0.8949232E-01
         0.1876219E+01
         0.1036925E+00
        -0.2019387E+01
        -0.2246608E+01
         0.2098502E+01
         0.3196778E+00
        -0.1371462E+00
        -0.1173332E+01
        -0.8906380E+00
        -0.1769901E+01
        -0.9570772E-01
         0.1362987E+01
        -0.6553409E+00
        -0.1136435E+01
        -0.2768184E+00
        -0.1543214E-01
         0.5262280E+00
         0.1084491E+01
        -0.3408454E+00
         0.1631560E+00
         0.9667718E+00
         0.1202393E+01
        -0.7177774E+00
         0.6904056E+00
        -0.6129387E+00
         0.2274064E+00
        -0.1863721E+00
         0.1251719E+00
         0.1419717E+01
        -0.4867850E+00
         0.8150606E-01
        -0.1667025E+00
         0.1256635E+01
         0.1858115E-01
        -0.4977319E+00
         0.6954195E+00
         0.1276374E+01
        -0.1149259E+01
        -0.7128685E+00
         0.9376606E+00
        -0.1094208E+01
        -0.1313584E+01
         0.7122129E+00
        -0.1095345E+01
         0.6287151E+00
         0.2905204E+00
        -0.3951380E+00
        -0.9379164E+00
         0.7106775E+00
         0.4541099E+00
        -0.5459708E+00
         0.4802064E+00
        -0.1918225E+00
         0.1183309E+01
         0.1226535E+01
        -0.1611384E+01
        -0.9696004E+00
        -0.1324152E+01
        -0.3674566E+00
         0.2715498E+00
         0.2580016E+01
        -0.5468141E+00
         0.1303715E+01
         0.1026992E+01
        -0.4083093E+00
         0.9363115E+00
         0.1299869E+01
        -0.3187727E+00
        -0.8676925E+00
         0.1749999E+01
         0.8873388E+00
        -0.1307474E+01
        -0.1363789E+01
         0.1426817E+01
         0.1502552E+01
        -0.3892510E+00
         0.9584728E+00
        -0.8316416E+00
         0.9098232E+00
         0.3799860E+00
        -0.3048364E+00
         0.1123026E+01
        -0.1032124E+01
        -0.8793651E-01
        -0.3807980E+00
        -0.1161921E+01
         0.7850174E+00
        -0.8884811E+00
        -0.9394477E+00
        -0.6976881E+00
         0.1742324E+00
         0.7850991E-01
         0.2391327E+01
        -0.8814554E+00
        -0.2061728E+01
        -0.3338760E+00
         0.2336711E+01
         0.1590153E+01
        -0.3523001E+00
        -0.1846160E+01
         0.8822738E+00
         0.1777798E+00
        -0.4408505E+00
        -0.1122564E+01
        -0.7284898E+00
         0.7382905E+00
        -0.1013588E+01
        -0.8205118E+00
        -0.6111078E-01
         0.2230563E+01
         0.2822245E+00
         0.1831503E+01
        -0.9985019E-01
        -0.1760135E+01
         0.9240414E+00
         0.1174354E+01
         0.2124590E+01
        -0.1756731E+00
        -0.1062511E+01
         0.1068000E+01
         0.1469486E+01
        -0.4162018E+00
         0.2588879E+01
        -0.1401646E+01
        -0.4783702E+00
         0.1041971E+01
         0.6768398E+00
         0.3324925E+00
        -0.4620463E+00
        -0.1279284E+01
         0.6377549E+00
        -0.9742878E+00
        -0.3483102E+00
        -0.1488814E+01
        -0.2420587E+00
        -0.1798447E+01
         0.1498560E+01
        -0.4771294E+00
        -0.4535279E+00
        -0.6537901E+00
         0.1150223E+01
        -0.1222734E+01
        -0.2291549E+00
        -0.2912289E+00
         0.1036638E+01
         0.3483341E+00
         0.5824756E+00
        -0.5055577E+00
        -0.1138228E+00
        -0.4872932E+00
        -0.3309557E+00
         0.1307910E+01
         0.1074301E+01
         0.2705267E+00
        -0.3211798E+00
        -0.3042121E+00
         0.2927551E+00
         0.1162031E+00
        -0.4125392E-01
         0.1398296E+01
         0.9450535E+00
         0.1798053E+01
        -0.1101450E+01
         0.4848706E-01
         0.9290369E+00
         0.1235219E+00
         0.2774107E+00
         0.9243551E+00
        -0.3416480E+00
        -0.7656256E+00
         0.4291438E-01
         0.1189535E+01
        -0.1403344E+00
         0.4261449E+00
        -0.9049850E+00
         0.9149883E+00
        -0.4669181E+00
         0.5254961E-01
         0.2467332E+00
         0.3634739E+00
        -0.1816256E+00
         0.6649985E+00
         0.3590976E+00
        -0.6635226E+00
        -0.1501646E+01
         0.1571262E+01
        -0.7062359E-01
        -0.9519506E+00
         0.4296673E+00
        -0.3744206E+00
         0.9073801E+00
        -0.1745195E+01
         0.3744485E+00
        -0.1095329E+01
         0.2330743E+00
        -0.1223349E+00
        -0.7832326E+00
        -0.2146572E+00
         0.2139960E+00
         0.1756972E+01
        -0.1263669E+01
        -0.2495858E+01
        -0.7845734E+00
        -0.1187332E+01
        -0.5663380E+00
         0.1408823E+01
         0.3620091E+00
         0.1579153E+01
         0.4222115E+00
         0.4807028E+00
         0.3330472E+00
         0.8909435E-01
         0.1467808E+01
        -0.6946955E-02
        -0.1076911E+01
        -0.6774901E+00
        -0.2423877E+00
        -0.7667702E-01
         0.9688181E+00
        -0.1217271E+01
         0.1261839E+01
        -0.9437228E-01
        -0.2999655E+01
        -0.1235261E+01
        -0.1080262E+00
        -0.1180248E+00
        -0.4568514E+00
        -0.9633667E+00
        -0.2444625E+00
        -0.1739920E+01
         0.1990322E+01
        -0.8420759E+00
        -0.2520878E-01
         0.3548039E+00
         0.9194751E+00
        -0.8701480E-01
        -0.7915307E+00
         0.3096095E+00
        -0.6306114E+00
         0.3732433E+00
         0.2085478E+00
         0.2437360E+00
         0.8465654E-01
         0.3879532E+00
        -0.2378547E-01
        -0.3125860E+00
        -0.2212624E+01
        -0.1280254E+01
        -0.3433384E+00
         0.1784758E+01
         0.2555836E+00
         0.6120495E+00
        -0.4132469E+00
        -0.4750967E+00
        -0.1437827E+00
         0.2503389E+01
        -0.8068675E+00
        -0.4293409E+00
        -0.8676702E+00
        -0.9970685E+00
        -0.2695131E+00
        -0.1257311E+01
         0.2951986E+00
         0.1172696E+00
         0.4925900E+00
        -0.1192628E+01
        -0.9165603E+00
         0.1562752E+01
        -0.4152552E+00
         0.3005825E+00
         0.1582768E+01
         0.7969363E+00
        -0.2659773E+00
         0.1625537E+01
         0.6786233E+00
         0.2787273E-01
         0.4000580E+00
         0.8162782E+00
         0.6986510E+00
         0.1784033E+01
         0.8098608E+00
         0.1030660E+00
        -0.6850300E-01
         0.8196837E+00
         0.1840687E+01
        -0.2514794E+00
         0.1257121E+01
        -0.1858536E+00
         0.7943054E+00
         0.4525665E+00
        -0.1295216E+01
        -0.8598557E+00
         0.1071086E+01
         0.7347510E+00
        -0.5494810E+00
        -0.1313544E+01
         0.1266868E+01
         0.2503142E+00
         0.7103141E+00
        -0.8744737E+00
        -0.3557083E+00
         0.9710167E+00
         0.1269451E+01
        -0.7383946E+00
        -0.8517300E+00
        -0.4052224E+00
        -0.7291957E+00
         0.8969206E+00
        -0.6596653E+00
         0.6507086E+00
         0.8536965E+00
         0.1054326E+01
         0.8402303E+00
         0.2026364E+01
         0.1078995E+01
        -0.7027769E+00
        -0.8142238E+00
        -0.2713799E+01
        -0.5477040E+00
         0.7079969E+00
         0.3997205E+00
        -0.6518509E+00
        -0.1758657E+01
        -0.1428478E+01
         0.7923498E-01
        -0.6125635E+00
        -0.3122522E+00
        -0.6237360E+00
         0.5794652E+00
        -0.1024960E+01
         0.1746058E+01
         0.6235646E+00
        -0.1220511E+01
        -0.1014154E+01
        -0.8165622E+00
        -0.1742071E+01
         0.1031357E+01
         0.2508119E+01
         0.1202471E+00
         0.2759324E+00
         0.6036008E+00
        -0.9026505E-01
        -0.6278632E+00
        -0.8391678E+00
        -0.3369344E-01
         0.1285964E+01
        -0.1895769E+01
        -0.1281708E+01
         0.6604877E+00
         0.4833747E+00
         0.6236174E+00
         0.2294441E+00
         0.7132965E+00
        -0.7846391E+00
         0.1656924E+01
         0.1389604E-01
         0.6411350E+00
        -0.1447481E+01
        -0.6734445E+00
        -0.6292959E+00
         0.1131769E+01
         0.6263659E+00
         0.2287491E+01
        -0.4608606E+00
        -0.7344271E+00
         0.3082641E+00
        -0.1522813E+00
         0.6003809E+00
        -0.3642301E+00
        -0.1173783E+01
        -0.1129130E+01
        -0.7500248E+00
        -0.6091122E+00
        -0.1670107E+00
         0.1583594E+01
         0.9999334E+00
         0.7819838E+00
        -0.2237672E+00
         0.3553082E+00
         0.1534603E+01
         0.4800574E+00
         0.1438441E+00
        -0.2272823E+01
         0.1885893E+01
         0.3746101E+00
        -0.9114487E+00
        -0.1621113E+00
        -0.1749024E+01
        -0.6369825E+00
         0.1699684E+01
        -0.1219265E+00
         0.1895288E+01
         0.2139370E+01
         0.1245744E+00
         0.8641615E+00
         0.1921076E+01
         0.7938511E+00
         0.2048306E+01
        -0.4254269E+00
        -0.1109118E+00
         0.2255494E+01
         0.9338731E+00
         0.2585155E-01
         0.4195713E-01
        -0.5748057E+00
        -0.6212394E+00
        -0.8557028E+00
        -0.2673976E+00
         0.8632706E+00
         0.2976249E+01
        -0.1414626E+00
         0.6090839E+00
         0.7114605E+00
        -0.6119255E+00
         0.7319638E+00
         0.4337351E+00
        -0.3270637E+00
         0.2902666E+00
         0.1061656E+01
         0.1018641E+01
         0.9556330E+00
        -0.5820827E-01
        -0.5139222E+00
        -0.1260770E+01
        -0.1939652E+01
         0.1270881E+01
        -0.3032244E+00
        -0.1897737E+01
         0.1050269E+01
        -0.4175665E+00
        -0.2320764E+01
        -0.7313307E+00
        -0.2133093E+01
         0.6110468E+00
        -0.5111183E+00
        -0.9562866E-02
         0.9851286E-01
        -0.8713178E+00
         0.1183402E+01
        -0.1619021E+01
        -0.1310798E+01
        -0.2590099E+00
         0.1409676E+01
         0.5245843E+00
         0.5014713E-01
        -0.1044054E+01
         0.1222544E+01
        -0.1808652E+01
        -0.1188878E+01
         0.5534046E-01
        -0.2972035E+00
        -0.1606559E+00
         0.8470626E+00
         0.4453740E+00
        -0.1065739E+01
        -0.1105636E+00
         0.1260594E+00
        -0.4991530E+00
        -0.1060775E+01
         0.2265532E+00
        -0.3199902E-02
        -0.1007274E+01
         0.8256176E+00
         0.2502465E+01
         0.5600300E+00
        -0.7958681E+00
         0.7696346E+00
         0.1977507E+01
        -0.2357673E+01
         0.9934876E-02
        -0.1320304E+00
         0.4425491E+00
        -0.2434209E+00
         0.2790700E+00
        -0.2483652E+00
         0.6879897E-01
         0.9629301E+00
         0.1095443E+01
        -0.3178331E+00
         0.5473117E+00
        -0.3110531E+01
        -0.8670376E+00
        -0.6112979E+00
        -0.7250148E+00
        -0.1489824E+01
         0.2514112E+00
         0.1211861E+01
        -0.9775509E-01
        -0.1614677E+01
        -0.1000550E+01
         0.9105261E+00
        -0.1182945E+01
         0.5312546E+00
         0.1017932E+01
        -0.1566301E+01
        -0.8716495E+00
        -0.3399669E+00
         0.1380222E+01
        -0.1941661E+00
        -0.5059996E+00
         0.4965175E-01
         0.2418922E+01
        -0.8826573E-01
        -0.1204916E+01
         0.1415552E+00
        -0.1524888E+01
         0.1085713E+01
         0.1388331E+01
        -0.1268428E+01
        -0.1264240E+01
         0.1425042E+01
        -0.1320159E+01
         0.3814979E+00
        -0.8772548E+00
        -0.1495736E+01
         0.5457259E+00
        -0.5638608E+00
        -0.2109921E+00
         0.1137939E+01
        -0.1533710E+01
        -0.3665024E+00
        -0.7693268E+00
        -0.1309920E+00
         0.8397504E+00
         0.9501146E-01
        -0.3079921E+00
        -0.5519878E+00
        -0.1731031E+01
         0.1341687E+01
        -0.9025591E+00
         0.2778080E+00
        -0.8152412E+00
         0.5397194E+00
         0.1008651E+00
        -0.3674471E+00
         0.2918505E+00
         0.3667914E+00
         0.8603127E+00
        -0.3044839E-01
         0.1526224E+01
         0.2371823E+00
         0.9447512E+00
        -0.1098837E+01
         0.4972668E+00
         0.1324885E+01
         0.4028180E+00
         0.3118024E+00
         0.1528749E+01
         0.3684720E+00
         0.3150213E+00
        -0.1121682E+01
         0.6634026E+00
         0.1932849E+01
         0.1102906E+00
        -0.4907827E+00
         0.6743741E+00
        -0.4688191E+00
         0.2463064E+00
        -0.6951019E-01
        -0.9958048E+00
         0.5409052E+00
         0.1376195E-01
        -0.1414857E+01
         0.1370553E+01
        -0.6794851E+00
        -0.3965780E+00
         0.6354334E+00
         0.5693508E+00
         0.8535691E+00
         0.4733119E+00
         0.5007855E+00
         0.1537548E+01
         0.1312993E+00
        -0.2364361E+01
         0.4929800E+00
         0.1064715E+01
         0.1400905E+00
        -0.2046456E+00
        -0.3615525E-01
        -0.4346402E+00
        -0.2453484E+00
        -0.8429491E+00
         0.3816729E+00
         0.2462640E+01
        -0.1721814E+00
        -0.7944148E+00
        -0.1615015E+01
         0.1593268E+01
         0.5840361E-01
        -0.8230495E+00
