        -0.5467713E+00
        -0.1038726E+01
        -0.1944334E+01
        -0.1772711E+01
        -0.1533757E+01
         0.1968976E+01
         0.4252241E+00
         0.1693845E+01
        -0.1026957E+01
        -0.1112967E+01
         0.1097409E+01
        -0.7322617E+00
        -0.1200555E+01
        -0.1311175E+01
         0.3010605E+01
         0.1654896E+01
         0.1879555E+01
         0.8760677E-01
         0.1106664E+01
         0.1372286E+01
        -0.6706472E-01
         0.7747833E+00
        -0.4756464E+00
        -0.1460034E+01
        -0.1015461E+01
         0.3289486E+00
         0.7396013E+00
        -0.3521257E+01
         0.2653474E+00
         0.2289566E+01
        -0.7842291E-01
         0.1827835E+01
         0.2057155E+01
        -0.2619621E+01
         0.9850992E+00
         0.3027268E+01
        -0.4233931E+00
         0.2239431E+01
         0.6406893E+00
        -0.7231636E+00
         0.1894929E+01
        -0.1750882E+01
         0.1305732E+01
         0.1768142E+01
        -0.2104349E+01
         0.2102194E+01
        -0.5696976E+00
        -0.3410919E+00
         0.2170808E+00
         0.2012645E+00
         0.8040697E+00
        -0.1942627E+01
         0.2083763E+01
         0.3168625E+00
         0.5669720E+00
         0.3025278E+01
        -0.1345698E+01
        -0.2483929E+01
        -0.3568960E+00
        -0.2241147E+01
         0.1523498E+01
         0.1780340E+01
        -0.5662968E+00
         0.8132821E+00
         0.5290211E+00
         0.1257635E+01
         0.1402767E+01
        -0.4640905E+00
         0.9253799E+00
         0.7036446E+00
         0.1947778E+01
        -0.1705484E+01
        -0.1808295E+00
         0.1653404E+01
         0.1276796E+01
        -0.2472999E+00
         0.1383725E+01
         0.4470247E+00
        -0.4931499E+00
        -0.3595535E+00
         0.9350619E+00
        -0.1520455E+01
         0.2905017E+00
         0.2052475E+01
        -0.1063172E+01
         0.1042120E+01
        -0.3296044E+00
         0.2671933E+01
        -0.1150189E+01
        -0.1836534E+01
         0.1962634E+01
        -0.1489588E+01
         0.1315962E+01
         0.2096091E+01
        -0.2941064E+01
         0.8580757E+00
        -0.2228972E+01
        -0.7159547E+00
         0.7743291E+00
        -0.2565372E+01
        -0.1462362E+00
        -0.3709818E+01
        -0.4661288E+00
        -0.8512223E+00
         0.1994149E+00
         0.1651053E+01
         0.1526400E+01
         0.2879338E+01
         0.1117610E+01
         0.7135879E+00
         0.2021014E+01
         0.3383849E+01
        -0.1477898E+01
         0.2383107E+01
         0.9551367E+00
        -0.2669146E+00
         0.2619552E+01
        -0.1619427E+01
         0.1007625E+01
         0.1377923E+00
         0.7552530E+00
        -0.1464382E+01
        -0.6637086E+00
        -0.1693089E+00
        -0.2628674E+00
        -0.8817183E+00
         0.2265811E+01
        -0.2171131E+01
         0.2047159E+01
        -0.8650759E+00
         0.2216474E+01
         0.1057364E+01
         0.1029161E+01
         0.1309712E+01
         0.1692702E+01
        -0.1656455E+01
         0.2085106E+00
         0.1310168E+01
         0.4806607E+00
         0.1387850E+01
        -0.1424576E+00
         0.9842635E+00
         0.6298697E+00
         0.2352535E+00
         0.1254994E+01
        -0.5834674E+00
        -0.1102453E+01
         0.6893184E+00
        -0.1109098E+01
         0.6326831E+00
        -0.2164447E+01
        -0.4056942E+00
         0.2065965E+01
        -0.1330163E+01
        -0.1426842E+01
        -0.1065991E+01
         0.4071842E+00
        -0.1885703E+01
        -0.1497351E+01
         0.1181043E+01
        -0.1618762E+01
         0.1947598E+01
         0.1402410E+01
        -0.2294875E+01
         0.8247150E+00
        -0.1719129E+01
         0.1062645E+01
         0.4537945E+00
        -0.6559993E+00
        -0.4803913E+00
        -0.1228620E+01
        -0.1283410E+01
        -0.8639395E+00
        -0.6672073E+00
         0.1631075E+01
        -0.1372643E+01
        -0.1328847E+00
         0.2621291E+01
         0.1815273E+01
        -0.5091843E-01
         0.1683837E+01
        -0.1233318E+01
        -0.1810436E+01
        -0.1429878E+01
        -0.1170539E+01
        -0.1331829E+01
         0.5779094E+00
         0.4885483E+00
        -0.3933722E+00
         0.1835350E+00
        -0.1409081E+01
         0.2029766E+01
         0.6803141E+00
        -0.1186067E+01
         0.4852243E+00
         0.2250926E+00
        -0.4425645E+00
        -0.1226181E+01
        -0.2014435E+01
        -0.2333436E+01
        -0.9508142E+00
        -0.1123080E+01
        -0.1205826E+01
         0.3392144E+00
        -0.2485240E+01
        -0.1540017E+00
         0.6759417E-01
        -0.2093381E+01
        -0.1072579E+01
        -0.1820557E+01
        -0.1205439E+01
         0.1850959E+01
        -0.1540716E+01
         0.1757583E+01
         0.1147504E+01
         0.1519949E+00
        -0.1298470E+01
        -0.5780954E+00
         0.8545931E+00
         0.1722142E+00
        -0.4348813E+00
        -0.1766353E+01
         0.1294091E+01
        -0.9545777E+00
         0.1517853E+01
         0.7475445E-01
        -0.2475791E+01
        -0.1696863E+01
         0.1363168E+01
        -0.5897115E+00
         0.1538723E+01
        -0.2677154E+01
        -0.2819742E+01
         0.1404686E+01
         0.1012246E+01
         0.8674075E+00
        -0.9023745E+00
        -0.2032063E+01
         0.1711385E+01
        -0.9651340E+00
        -0.6785593E+00
        -0.4180183E+01
         0.1810873E+01
        -0.1021920E+00
         0.1567150E+01
         0.1133373E+01
        -0.3888554E+01
         0.1407771E+01
        -0.2254276E+01
        -0.2731968E+01
         0.1024822E+01
        -0.1766268E+01
         0.1534732E+01
         0.1659678E+01
         0.2852004E+00
         0.7452513E+00
         0.1162073E+01
        -0.1132959E+01
        -0.2286044E+01
         0.5216496E+00
        -0.1078003E+01
        -0.7642909E+00
        -0.2980826E+01
        -0.7670473E+00
        -0.9633200E+00
        -0.1497025E+00
        -0.1377962E+01
        -0.1791813E+01
        -0.1449951E+00
        -0.1594870E+00
        -0.2025074E+00
        -0.7166029E+00
        -0.8379052E+00
        -0.1802444E+01
         0.2250480E+01
         0.3389071E+01
         0.1582132E+00
        -0.1238606E+01
         0.3018018E+01
        -0.5126288E+00
        -0.1051697E+01
        -0.1396623E+01
         0.4758425E+00
         0.1028175E+01
         0.1563742E+01
        -0.2605185E+01
        -0.1938042E+01
        -0.1195321E+01
        -0.8523902E+00
         0.1900813E+01
         0.3235518E+01
        -0.1519596E+01
         0.1493525E+01
         0.2330557E+01
        -0.1475009E+01
         0.6557235E-02
        -0.1014653E+01
        -0.9200926E+00
         0.3797901E+00
         0.8655011E+00
        -0.1839208E+01
         0.5597340E+00
        -0.1589301E+01
        -0.1756169E+01
        -0.1563967E+01
        -0.1836475E+01
        -0.6964569E+00
        -0.4033887E+00
         0.5026169E+00
         0.1224894E+01
        -0.2210178E+01
        -0.1262331E+01
        -0.1292438E+01
         0.1074007E+01
        -0.1331589E+01
         0.1013267E+01
         0.8053886E+00
         0.7299713E+00
         0.1174167E+00
        -0.1859791E+01
        -0.1707632E+01
         0.2000284E+00
        -0.3081022E+01
         0.2443341E+01
         0.1504673E+01
        -0.1538560E+00
         0.1174168E+01
         0.2614203E+01
        -0.1775716E+01
        -0.2011337E+01
        -0.2752783E-01
        -0.2914003E+00
        -0.2185864E+01
        -0.1062562E+01
        -0.8157244E+00
         0.1325537E+01
         0.1656308E+01
         0.6451507E+00
        -0.7807505E+00
         0.2358072E+00
         0.1037060E+01
        -0.1575414E+01
        -0.1277630E+01
        -0.2568036E+01
        -0.3352092E+01
        -0.2400902E+00
         0.2395850E+01
        -0.2451409E+01
        -0.9221895E+00
        -0.1151777E+01
         0.9731488E+00
         0.4174465E+00
         0.2125212E+00
         0.3032717E+00
         0.1721096E+01
        -0.1619035E+01
        -0.5188014E+00
        -0.1714021E+01
        -0.2837683E+01
         0.1459835E+01
        -0.1811165E+01
        -0.1774016E+01
         0.8394083E+00
         0.4441770E+00
        -0.8075204E+00
         0.1935241E+01
        -0.1202215E+01
         0.3051802E+00
        -0.3635933E+00
        -0.3974581E+00
        -0.3414812E+01
        -0.9505521E-01
        -0.5496318E+00
         0.1656889E+01
         0.7279942E+00
         0.2238094E+01
         0.1809606E+01
        -0.3030745E+01
        -0.2821194E+00
         0.1909929E+01
        -0.2720712E+01
         0.1657810E+00
        -0.1890580E+01
        -0.1401905E+01
         0.1701721E+01
         0.2106060E+01
         0.3871072E+00
        -0.3952940E+00
        -0.6206950E+00
        -0.1344769E+01
        -0.9053338E+00
         0.3112867E+00
         0.3151417E+01
         0.1747566E+01
         0.1608987E+01
        -0.4039456E+01
         0.1815587E+01
         0.5541071E+00
         0.1002320E+01
        -0.1270200E+01
         0.1990674E+01
        -0.1075715E+01
         0.8137012E+00
        -0.1862069E+00
        -0.6643061E+00
         0.9744233E+00
        -0.9787037E+00
         0.1056422E+01
        -0.1832417E+01
         0.1348778E+01
         0.1152722E+01
        -0.1082789E+01
         0.2316091E+01
        -0.3513188E+01
        -0.9861106E+00
        -0.1844564E+01
        -0.8073708E+00
         0.2123952E+01
        -0.1958143E+01
        -0.1875236E+01
         0.1666380E+01
        -0.1984452E+00
         0.2170142E+01
        -0.1214328E+01
        -0.1186598E+00
        -0.1372045E+01
         0.2627543E+01
         0.3965586E+00
        -0.2517300E+01
        -0.2011675E+01
        -0.8302336E+00
        -0.1923269E+01
        -0.1131006E+01
         0.1198462E+01
         0.9845750E-01
         0.2008794E+01
        -0.1995800E+01
         0.5225389E+00
        -0.8822712E+00
        -0.2655141E+01
         0.1837215E+01
        -0.2121332E+00
         0.1855558E+01
        -0.1488191E+01
        -0.1859831E+01
        -0.1835563E+01
         0.2200148E+01
        -0.7798981E+00
        -0.4850696E+00
         0.6075017E+00
        -0.8441865E+00
         0.1308382E+01
         0.3306681E+00
         0.6546926E+00
         0.2065002E+01
         0.9379080E+00
        -0.2100361E+01
         0.7350232E+00
        -0.1011748E+01
         0.6465364E+00
        -0.1761354E+01
         0.1922989E+01
        -0.9897997E+00
        -0.1406810E+01
         0.8478463E+00
         0.2735277E+01
        -0.1159902E+01
        -0.2462398E+01
         0.2158183E+01
         0.8372998E-01
        -0.1651438E+00
        -0.5618229E+00
         0.2427723E+00
        -0.3042152E+00
        -0.2225355E+01
        -0.7676273E+00
        -0.1503508E+01
         0.6007810E-01
         0.1870647E+01
         0.1534743E+01
         0.1396985E+01
        -0.2083237E-01
        -0.6438810E+00
        -0.6029217E-02
        -0.3096996E+00
        -0.6526362E+00
        -0.2564493E+01
        -0.2401308E+01
        -0.2015509E+01
         0.1930687E+00
         0.2546860E+01
         0.2416142E+01
         0.7559024E+00
         0.4854375E+00
         0.1518654E+01
         0.3337433E+01
         0.1485646E+01
        -0.5866960E+00
         0.1899904E+01
        -0.6762914E+00
         0.4345428E+00
        -0.1626745E+01
         0.3301077E+00
        -0.8973148E+00
         0.1707279E+01
        -0.2604159E+01
         0.1318017E+01
         0.1742676E+01
        -0.7463240E+00
         0.1483380E+01
         0.6654855E+00
        -0.2059262E+01
         0.3300099E+01
         0.1141196E-01
        -0.2652617E+01
         0.2261339E+01
         0.4382117E+01
        -0.2362931E+01
        -0.7776099E+00
        -0.1841615E+01
        -0.1410264E+01
         0.1844473E+01
         0.1826370E+01
        -0.3559563E+00
         0.4419269E+00
         0.8215346E+00
        -0.2537424E+01
         0.7248777E+00
         0.1069164E+01
        -0.1512334E+00
         0.9207915E+00
        -0.1863016E+00
        -0.5592631E+00
         0.1746819E+01
        -0.5609507E+00
         0.1114660E+01
        -0.7829502E+00
         0.2906907E+00
        -0.9196242E+00
        -0.9176462E+00
        -0.7834161E+00
        -0.1125358E+01
        -0.1153133E+01
        -0.1926055E+00
         0.2155562E+01
        -0.1359466E+01
         0.2173977E+01
         0.5427185E+00
        -0.8513099E+00
        -0.1831098E+01
        -0.1276664E+01
         0.1738832E+01
        -0.1337160E+01
         0.6112200E+00
         0.1545846E+00
        -0.2002767E+01
        -0.5698574E+00
         0.1938939E+00
        -0.9771390E+00
        -0.1705762E+01
         0.2012733E+01
         0.1057486E+01
        -0.4188295E+00
         0.1909798E+01
         0.1085196E+01
         0.5593128E+00
        -0.1048711E+00
         0.6051864E+00
         0.1788812E+01
         0.2627133E+00
        -0.7439789E+00
        -0.1792500E+01
        -0.9948479E+00
         0.2822023E+01
         0.9324658E+00
        -0.2207998E+01
         0.6553788E+00
         0.2483035E+00
         0.4461707E+00
        -0.2181049E+01
         0.1518906E+01
         0.1345109E+01
        -0.1350235E+01
        -0.6802070E+00
         0.1574106E+01
         0.3958700E+00
         0.7807544E+00
        -0.1972928E+00
         0.1054003E+01
        -0.1741796E+00
         0.6036078E+00
        -0.3124300E+00
        -0.1111697E+01
         0.8264534E+00
        -0.2094680E+01
         0.1512582E+01
        -0.1762097E+01
        -0.2232688E+00
        -0.7463185E+00
         0.1448014E+01
        -0.4093611E+00
        -0.2366435E+00
         0.1393609E+01
        -0.4018994E+00
        -0.1660770E+01
        -0.6545090E+00
        -0.2046249E+01
         0.2263509E+01
         0.2708760E+00
        -0.2196088E+01
        -0.5338979E+00
         0.2471242E+00
        -0.3102587E+01
        -0.1808932E+01
         0.1456461E+01
         0.5803086E+00
         0.1467180E+00
         0.8789067E+00
         0.1706049E+01
         0.1492720E+01
        -0.1358664E+01
         0.1834343E+01
        -0.1582271E+01
        -0.1454055E+01
         0.7869613E+00
        -0.2588749E+01
        -0.2287794E+01
         0.6825208E-01
        -0.1615525E+01
         0.1834594E+01
        -0.5459754E+00
        -0.6263185E+00
         0.5822554E+00
         0.1017785E+01
         0.1556319E+01
        -0.1447354E+01
         0.9308084E+00
        -0.1567863E+01
        -0.1867267E+01
         0.1196241E+01
        -0.2061482E+01
        -0.6024362E+00
         0.1331445E+01
        -0.1668886E+01
        -0.6322191E-01
         0.1718186E+00
         0.6161377E+00
         0.1596091E+01
        -0.9954661E+00
         0.2490956E+00
         0.8353636E+00
         0.2489451E+01
        -0.9731855E+00
         0.3828791E+00
         0.2735656E+01
         0.1072974E+01
        -0.1280650E+00
         0.3504429E+01
        -0.2188543E+01
         0.1240086E+01
         0.1770809E+00
         0.8092965E+00
         0.2497392E+01
         0.1147046E+01
         0.1614708E+01
        -0.2008631E+01
         0.1654155E+00
         0.1557893E+01
        -0.3984980E+01
        -0.8117341E+00
         0.1600128E+00
        -0.2201779E+01
         0.2202816E+01
        -0.2987168E+01
        -0.8999110E+00
         0.1625587E+01
        -0.1146813E+01
        -0.2370423E+00
        -0.7933064E+00
         0.2134891E+01
         0.9913691E+00
        -0.1988211E+01
        -0.1704056E+01
         0.1402483E+01
        -0.7389863E+00
         0.1937228E+01
        -0.5579780E+00
        -0.9461671E-01
         0.7007605E+00
        -0.3155878E+01
         0.7618700E+00
         0.1558218E+01
         0.3834487E+00
         0.1749626E+01
         0.2958334E+01
        -0.1759246E+01
        -0.1771233E-01
         0.2399526E+01
        -0.3765417E+00
         0.2088960E+01
        -0.9345004E+00
         0.2351814E+01
         0.5132552E+00
         0.1586531E-01
        -0.1931485E+01
         0.9832133E+00
         0.3887110E+00
         0.2434458E+01
        -0.1151065E+00
        -0.1325235E+01
        -0.6947582E+00
         0.1166523E+00
         0.1767984E+01
         0.3611327E+00
         0.2546440E+00
        -0.2092385E+01
        -0.1351089E+01
         0.8063520E+00
         0.2326337E+01
         0.1978011E+00
        -0.1113992E+01
        -0.1020925E+01
         0.3231796E+01
        -0.2347779E+01
        -0.2072881E+00
         0.1109913E+01
        -0.1558564E+01
         0.1785412E+01
         0.2165171E+01
         0.8817879E+00
         0.1582996E+01
         0.2114833E+01
         0.1203387E+01
         0.2140170E+01
        -0.1392657E+01
        -0.5809664E+00
        -0.6429300E+00
        -0.3340094E+00
        -0.1425526E+01
         0.3721730E+00
         0.6972402E+00
         0.1339187E+01
        -0.7326841E+00
         0.1555830E+00
        -0.5003432E+00
         0.1361554E+01
         0.8404440E+00
         0.7488400E+00
        -0.9907135E+00
        -0.7086088E+00
        -0.1955266E+01
         0.2218963E+01
        -0.1283500E+01
         0.2043073E+01
        -0.3546772E+01
         0.7697589E+00
         0.6528746E+00
         0.1188326E+01
        -0.9022509E+00
        -0.1059296E+01
        -0.1330821E+01
        -0.1519535E+01
         0.8701686E+00
         0.1563842E+01
        -0.1603543E+01
        -0.1558514E+01
        -0.8854544E+00
        -0.1300626E+01
        -0.2279326E+01
        -0.1171614E+00
        -0.8418476E+00
         0.6642947E+00
         0.1922643E+01
         0.1962820E+01
        -0.3535461E+00
        -0.1238144E+01
        -0.8837851E+00
        -0.1524618E+01
         0.1993757E+01
        -0.9492237E+00
        -0.1286719E+01
         0.1213999E+01
        -0.1124370E+01
        -0.5842914E+00
        -0.2578339E+01
         0.8460220E+00
        -0.1140113E+01
         0.1731386E+01
        -0.2371748E+01
        -0.1234782E+00
        -0.1672310E+01
         0.2035584E+01
         0.7786039E-01
        -0.1220640E+00
         0.2572673E+01
        -0.6093154E+00
        -0.1694794E+01
         0.1234104E+01
         0.1148982E+01
         0.1044350E+01
         0.6210617E+00
        -0.8764171E+00
        -0.1567083E+01
         0.1117868E+01
        -0.3020844E+01
         0.1025258E+00
         0.9678510E+00
        -0.1484502E+01
         0.3084282E+01
         0.1140397E+01
         0.1308962E+01
         0.8230785E+00
        -0.1581996E+01
         0.1604772E+00
         0.1529020E+01
        -0.5342243E+00
         0.1490068E+00
        -0.1508564E+01
         0.1745273E+01
        -0.3216421E+00
         0.2002792E+01
         0.1758962E+01
        -0.1460248E+01
        -0.1417040E+01
         0.9838675E+00
        -0.5750293E+00
        -0.1292706E+01
        -0.8366445E+00
         0.1536220E+01
        -0.1671047E+00
        -0.1197426E+01
        -0.4504265E+00
         0.2913393E+01
        -0.3059337E+00
         0.7515710E+00
         0.1512595E+01
        -0.2971525E-05
        -0.2824980E+01
        -0.1747006E+01
         0.3182130E+01
        -0.2089479E+01
         0.2388723E+01
         0.5506576E+00
         0.1709409E+01
        -0.1976454E+01
        -0.2669068E+01
         0.8107344E+00
        -0.1885419E+00
        -0.1383921E+01
         0.2994703E+00
        -0.3600693E+00
        -0.1363396E+01
        -0.4458627E+00
         0.4361287E+00
        -0.3846100E+00
         0.2295100E+01
        -0.1250411E+01
         0.3401040E+00
         0.1205317E+01
         0.2132332E+01
         0.1238496E+00
         0.1924666E+00
        -0.2274633E+01
         0.7360479E+00
         0.2601077E+01
        -0.1778401E+01
         0.1193779E+01
         0.9982931E+00
        -0.1992118E+01
        -0.1849864E+01
        -0.6381698E+00
         0.7449957E+00
        -0.2807236E+01
        -0.8991978E+00
        -0.2402539E+01
         0.1213521E+01
        -0.9468372E+00
        -0.9390220E-01
         0.1763540E+01
        -0.6959071E+00
        -0.2275182E+01
         0.1405920E+01
         0.2437477E+01
        -0.1399333E+01
        -0.2943419E+01
        -0.1931057E+01
        -0.1598645E+01
         0.2378027E+01
        -0.4950048E+00
         0.7132887E+00
        -0.7663520E+00
         0.2504873E+01
         0.1165108E+01
        -0.2606273E+01
        -0.9240808E+00
         0.8355878E+00
        -0.2111758E+01
         0.3894645E-01
        -0.7342184E+00
         0.6028454E+00
        -0.1642027E+01
        -0.2325178E+01
        -0.1062496E+00
        -0.1671948E+01
        -0.7085029E+00
         0.1055344E+01
        -0.5208675E-01
         0.2136319E+01
        -0.2277513E+01
         0.2301511E+01
         0.2693117E+01
         0.1636668E+01
        -0.1607863E+01
        -0.1974670E+01
         0.8554127E+00
        -0.1072097E+01
        -0.5533017E+00
        -0.5391590E+00
         0.1740893E+01
         0.1709602E+01
        -0.1367354E+01
         0.1600254E+01
        -0.1658531E+01
        -0.1357079E+01
        -0.3576032E+00
        -0.1412275E+00
         0.1763556E+01
        -0.1308076E+01
         0.8665655E+00
        -0.4900564E+00
         0.1263600E+01
        -0.9224776E+00
        -0.2341119E+01
        -0.3470224E+00
         0.4212883E+00
         0.4452360E+00
        -0.1304259E+01
         0.1175601E+01
         0.2887099E+01
         0.1779664E+01
         0.8495782E-01
         0.5273148E+00
         0.3399272E+00
         0.5727133E+00
         0.2526062E+01
         0.1814357E-01
        -0.1805561E+01
        -0.1773512E+01
         0.3402083E+00
        -0.1653816E+01
        -0.2895039E+01
        -0.2511412E+01
        -0.1095434E+01
         0.1116418E+01
         0.1490309E+01
        -0.2296444E+01
         0.9313447E+00
         0.1962973E+01
        -0.1561019E+01
        -0.1250319E+01
         0.1452046E+01
         0.2991178E+01
         0.6878937E+00
        -0.3118692E+01
        -0.1909581E+01
        -0.1939728E+01
        -0.1549979E+01
        -0.7817142E+00
        -0.1372447E+01
        -0.1244808E+01
        -0.2564652E+01
        -0.1522278E+01
        -0.6218741E+00
         0.1330890E+01
        -0.3021952E+01
         0.2077511E+01
         0.3303397E+01
         0.3931381E+00
         0.4694360E+00
        -0.1723199E+01
        -0.1276214E+01
        -0.1450402E+01
        -0.1115765E+01
        -0.1527209E+00
        -0.1891426E+01
         0.2811786E+01
         0.1859120E+01
         0.6455955E-01
        -0.3800987E+00
        -0.1791210E+01
         0.1564787E+01
         0.3218258E+01
        -0.1566191E+01
        -0.1025954E+01
        -0.1122290E+01
        -0.1416791E+00
         0.4754751E+00
        -0.2327407E+01
        -0.9423943E+00
         0.3289862E+01
