         0.2446841E+00
        -0.4456197E+00
        -0.7087716E+00
        -0.1777908E+01
        -0.2693864E+00
        -0.6218750E+00
         0.2714287E+00
         0.1217513E+01
         0.6934407E+00
        -0.3801182E-01
         0.1170784E+01
         0.4201824E+00
         0.7718854E+00
        -0.2201432E+01
        -0.1066629E+01
         0.1079966E+01
         0.2809057E+00
         0.6576149E+00
         0.6744732E+00
         0.2640372E+00
         0.1894161E+00
         0.1021253E+01
         0.6329713E+00
         0.8720977E+00
        -0.4968217E+00
        -0.5007563E+00
        -0.1910292E+00
        -0.1287122E+01
        -0.5112679E+00
        -0.1169714E+01
        -0.5084274E+00
        -0.4928100E+00
         0.1684721E+00
         0.4696413E+00
         0.4519705E+00
        -0.1996722E+01
        -0.3894726E+00
        -0.2459104E+00
         0.1244450E+01
         0.3271490E+00
         0.2857366E+00
         0.1580877E+00
        -0.4668712E+00
        -0.8305657E+00
        -0.1323264E+01
         0.4636942E+00
         0.2278073E+01
        -0.2302536E+00
         0.3343798E+00
         0.2156148E+00
        -0.9570110E+00
        -0.5315803E+00
         0.1181729E+01
        -0.1191279E-01
        -0.2518198E+00
         0.9042279E+00
        -0.1391322E+01
         0.2198755E+01
         0.2171805E+00
         0.1853055E+01
        -0.8786314E+00
         0.1007245E+01
         0.1240269E+01
        -0.4483471E+00
         0.1274792E+01
         0.8782682E+00
         0.1197157E+00
         0.1185414E+01
        -0.1214222E+01
        -0.1311612E+01
         0.2511095E-01
        -0.1213297E+01
        -0.1411564E+01
         0.6894384E+00
        -0.3629170E+00
        -0.3682108E+00
         0.1658197E+01
         0.5086653E+00
        -0.1174007E+01
         0.9595965E+00
        -0.5485977E+00
         0.1125581E+01
         0.3987052E+00
        -0.2329133E+00
         0.7678256E-01
         0.6082315E+00
         0.1505766E+00
         0.1092213E+00
        -0.2237654E+01
         0.1149610E+01
        -0.8407429E+00
        -0.7171484E+00
        -0.2610363E+00
        -0.1632142E+01
         0.3724864E-02
        -0.7784944E-01
         0.9923349E+00
         0.5743670E+00
         0.5559153E+00
         0.7908928E+00
         0.6692138E+00
         0.1534266E+01
         0.5538218E+00
        -0.9573132E+00
        -0.3407110E+00
         0.1266287E+01
         0.1718222E+01
         0.3739519E+00
         0.3123875E+00
         0.1457924E+00
         0.1384867E+00
        -0.7335866E+00
        -0.1021068E+00
         0.7220512E+00
         0.9178343E+00
         0.1589400E+01
        -0.2353378E+01
        -0.1750699E+01
        -0.8119520E+00
        -0.1178441E+01
         0.5974122E+00
        -0.1573287E+01
         0.1400861E+01
        -0.3231944E+00
        -0.1534608E+01
         0.1246077E+01
        -0.3294419E+00
         0.5525298E+00
        -0.1183382E+01
        -0.5440473E+00
         0.2470595E-01
         0.2057465E+00
         0.5306605E+00
        -0.6807958E+00
        -0.9332853E+00
         0.7179688E+00
        -0.6300269E+00
         0.9786276E+00
        -0.1635372E+00
         0.7285550E+00
         0.1062212E+01
         0.8742746E+00
         0.5376184E+00
         0.1178420E+01
        -0.5419817E+00
         0.3975440E+00
        -0.9146340E+00
         0.6692949E+00
        -0.8873293E+00
        -0.1227334E+01
        -0.7748466E+00
        -0.1862971E+00
         0.3100929E+00
         0.8579439E+00
        -0.5807660E+00
        -0.3757310E+00
        -0.1714553E+00
         0.9986999E+00
        -0.7588326E+00
        -0.1270231E+01
         0.2213906E+01
         0.3196039E+01
        -0.9387424E+00
         0.1344474E+01
         0.1255470E+01
         0.5094626E+00
        -0.3232739E+00
        -0.4837379E+00
         0.6248006E+00
         0.2302251E+01
         0.1614046E+01
         0.8033115E+00
        -0.5529386E+00
         0.6184385E-01
        -0.8998590E-01
        -0.1126503E+01
         0.1428854E+01
        -0.1011991E+01
         0.7484543E+00
         0.4304890E+00
        -0.5495682E+00
        -0.9045223E+00
         0.6789795E-01
         0.2050160E+00
        -0.4217182E+00
         0.2157865E+00
        -0.7697124E+00
         0.1170384E+01
        -0.2865437E+00
         0.4252080E+00
        -0.2181143E+01
         0.7402220E+00
        -0.4343188E+00
        -0.1213312E+01
         0.1192583E+01
        -0.2650242E+00
         0.6778801E+00
        -0.2944189E+00
         0.8414309E+00
        -0.2153628E+01
        -0.6999389E+00
         0.2062609E+00
        -0.1126440E+01
        -0.2212054E+00
         0.7409089E+00
         0.3956313E+00
         0.9608292E+00
         0.2314741E+00
        -0.7782635E+00
         0.1939119E+01
        -0.8582706E+00
         0.9378793E+00
         0.1797401E+01
         0.3881048E+00
         0.1338790E+00
        -0.1049280E+01
        -0.7871281E+00
         0.1906678E+00
        -0.1350863E+01
         0.2494601E+00
         0.1020030E+01
         0.2849585E+00
        -0.1294137E+01
        -0.5073261E+00
         0.7414835E+00
         0.1889467E+01
        -0.1148707E+01
         0.9050189E+00
         0.2977962E+00
        -0.2057404E+00
        -0.2824850E+00
         0.1312408E+01
         0.2108939E+00
        -0.9702895E+00
         0.4645183E+00
         0.9602695E+00
         0.4081423E+00
         0.2250516E+01
         0.3760460E-02
        -0.4729494E+00
        -0.1056890E+01
         0.6058995E+00
        -0.3039941E+00
         0.1340007E+01
        -0.1275881E+01
        -0.2930843E+00
         0.2154391E+00
        -0.2162572E+01
        -0.1895277E+00
         0.1652281E+01
         0.7598734E+00
         0.1216083E+00
        -0.1308064E+01
        -0.1069284E+01
         0.2662284E+00
         0.6718364E+00
        -0.7595605E+00
         0.3865133E+00
         0.9906033E+00
         0.1282715E+01
         0.2025119E+01
         0.4297067E+00
         0.1371536E+01
        -0.2095806E+01
         0.1270632E+01
        -0.1611839E-01
         0.3038042E+00
         0.9712507E+00
         0.6174609E+00
        -0.1012879E+01
         0.5612551E+00
         0.1366270E+01
        -0.8813853E+00
        -0.1451130E+01
         0.1150613E+01
         0.6498868E+00
        -0.3807489E+00
        -0.5964679E-01
        -0.5879778E+00
        -0.1733250E+01
        -0.1372236E+01
        -0.1025688E+01
         0.1029318E+01
         0.8523308E+00
        -0.1187752E+00
        -0.1838900E+00
        -0.1041093E+00
        -0.1584452E+01
         0.3770965E+00
        -0.7445877E+00
         0.7794050E+00
        -0.2976013E+00
        -0.2779927E+01
        -0.1265207E+01
        -0.1169185E+01
         0.8265198E+00
         0.6444888E+00
        -0.8562091E+00
        -0.1445132E+00
         0.4709177E-01
        -0.4541431E+00
        -0.1087002E+01
         0.4741013E+00
        -0.7630372E+00
        -0.7049268E+00
        -0.3299243E+00
        -0.4751111E+00
         0.1030938E+01
        -0.3431270E+00
         0.5486044E+00
        -0.1149201E+01
         0.3417055E+00
         0.1053550E+01
        -0.6851296E-01
        -0.3230206E+00
        -0.3224403E+00
        -0.1603974E+01
         0.1022731E+01
        -0.1522628E+00
        -0.9293994E+00
        -0.4043033E+00
        -0.5178766E+00
         0.1992891E+00
        -0.1667033E+01
        -0.7258487E+00
         0.1757371E+00
         0.9570479E+00
        -0.2445768E+00
         0.6260362E+00
        -0.9121044E+00
        -0.1869392E+00
        -0.1151986E+01
         0.6057655E+00
         0.1096326E+01
         0.1858981E+01
         0.8086167E+00
        -0.2872066E+00
         0.6396489E+00
        -0.4312622E-02
        -0.5414550E+00
         0.6940365E+00
        -0.9026574E+00
         0.7209700E+00
         0.1637131E+01
        -0.5019266E+00
        -0.4257309E+00
         0.1198709E+00
         0.1297092E+01
        -0.1267734E+01
         0.7456543E+00
        -0.7186076E+00
         0.4081656E-02
        -0.9440024E+00
        -0.1095648E+01
         0.5590863E+00
        -0.1409351E+01
         0.1182884E+01
         0.1891338E+01
         0.1312078E+00
         0.5949223E+00
         0.3676953E-01
         0.4618011E+00
        -0.7547013E-01
        -0.6791694E+00
        -0.1276814E+00
         0.8787966E+00
         0.1013154E+01
         0.1120577E+01
         0.8895993E+00
        -0.1954251E+00
        -0.1386926E+01
         0.3184025E-01
         0.1051893E+01
        -0.9064113E+00
         0.7778558E+00
        -0.3733923E+00
        -0.5595397E+00
         0.9335383E+00
         0.3882669E+00
         0.1738498E+01
        -0.7667014E+00
        -0.4941014E+00
         0.3011827E+00
        -0.1214472E+00
         0.2292964E+01
         0.6769507E+00
         0.1068916E+01
         0.7548377E-01
         0.3672887E+00
        -0.2720916E+00
        -0.9798331E-01
         0.1837404E+01
         0.4905468E+00
        -0.1762685E+01
        -0.1923530E+01
         0.1609332E+01
         0.1179392E+00
         0.7583936E+00
        -0.1547324E+01
        -0.7454273E+00
         0.4051653E+00
        -0.5175265E-01
         0.4469174E+00
        -0.8553332E-01
        -0.1617329E+00
         0.1558327E+01
        -0.3114363E+00
        -0.1543587E+01
        -0.1902462E+01
        -0.7150797E+00
        -0.9886720E+00
        -0.8086773E-01
        -0.2702704E-01
        -0.3686757E+00
         0.1281861E+01
        -0.9342263E+00
        -0.1445033E+00
         0.3119591E+00
         0.1614401E+01
         0.1640741E+01
        -0.1920622E+00
         0.1095729E+01
         0.9302771E+00
        -0.1952132E+00
        -0.1056668E-01
        -0.6010795E+00
         0.1848101E+00
        -0.1176080E+00
         0.7485800E+00
        -0.4501670E+00
         0.1156394E+00
        -0.1008993E+01
        -0.6751788E+00
         0.9529530E+00
        -0.3852748E+00
         0.2705960E+00
         0.1614473E+01
         0.2145375E+01
         0.1892013E+00
         0.5501130E+00
         0.1187804E+01
         0.2844614E-01
        -0.4420660E+00
        -0.3588323E+00
         0.5500064E+00
        -0.5329132E+00
         0.1168399E+01
        -0.9179239E+00
         0.1272192E+01
         0.3422927E+00
        -0.1089223E+01
         0.1098709E+01
         0.3497454E+00
         0.6947624E+00
         0.1315375E+01
        -0.6041102E+00
         0.1688204E+01
        -0.4323668E+00
        -0.5244151E+00
         0.4430809E+00
         0.1583838E+01
        -0.3985103E+00
        -0.1277425E+01
         0.7079663E+00
         0.2023545E+00
         0.8959210E+00
         0.1250146E+00
        -0.1061344E+01
         0.8227045E+00
         0.3324624E+00
         0.7605994E+00
         0.3130606E+00
        -0.5280492E-01
        -0.9949969E+00
         0.9184399E+00
        -0.1242620E+01
        -0.1514378E+01
         0.3091590E+00
        -0.9339428E+00
        -0.1726067E+01
        -0.6641732E+00
         0.6991555E-01
         0.6638738E+00
         0.2866383E+00
         0.3073372E+00
        -0.1611690E+01
        -0.1150482E+00
        -0.5257771E+00
        -0.3326542E+00
        -0.4760056E+00
        -0.1828594E+01
        -0.5545413E+00
        -0.5766371E-01
         0.8740211E+00
        -0.1476730E+00
         0.6767089E+00
        -0.8996162E+00
         0.1684536E+00
        -0.1554502E+01
        -0.9792067E+00
        -0.8989634E+00
        -0.4631105E+00
         0.1067685E+01
         0.1512754E-01
        -0.6431645E+00
        -0.1778187E+00
        -0.1215616E+01
        -0.1560499E+00
        -0.8347272E+00
         0.3940085E+00
        -0.1693624E+01
        -0.2342117E+00
        -0.7787153E+00
         0.5027610E+00
         0.5921636E+00
        -0.6977706E+00
         0.1284108E+01
        -0.3661997E+00
         0.3810145E+00
        -0.2997031E+00
        -0.6203511E+00
         0.3666597E+00
        -0.1543444E+00
         0.7657549E+00
         0.1053935E+01
        -0.1153017E+01
        -0.3552646E+00
         0.7498500E+00
        -0.8519231E+00
        -0.2427789E+01
        -0.2317043E+01
        -0.3719599E+00
        -0.1405311E+01
         0.1223565E+01
        -0.3856448E+00
        -0.1186703E+01
        -0.1424130E+01
         0.1902608E+00
        -0.5533352E+00
         0.1892514E+00
         0.1111669E+00
         0.1762226E+01
        -0.1732015E+00
         0.1870077E+00
         0.1481984E+01
         0.1220825E+01
         0.1451968E+00
        -0.9382781E+00
         0.1112143E+01
         0.6493457E+00
         0.3086047E+00
        -0.9373852E+00
        -0.1487655E+01
        -0.1171112E+00
        -0.1621745E+01
         0.9891039E+00
         0.8974224E-01
         0.1814821E+00
        -0.5888700E+00
         0.1142310E+01
         0.2821521E+00
         0.1999682E+00
        -0.1114954E+01
         0.2336074E+00
        -0.6864588E+00
         0.8506438E+00
        -0.8689953E+00
        -0.1397640E+01
         0.6317189E-01
         0.5249569E+00
         0.7536613E-01
        -0.6534959E+00
        -0.3984040E+00
         0.2202085E+00
         0.1774816E+01
         0.4711356E+00
        -0.4737656E+00
         0.1334794E+01
        -0.1156011E+01
        -0.1460801E+01
         0.5795838E-01
        -0.1361905E+00
         0.8124682E+00
        -0.3784076E+00
        -0.6770034E+00
         0.1311052E+01
        -0.2341119E+00
        -0.4742284E+00
         0.5181316E+00
        -0.2721576E-01
         0.5088110E+00
        -0.4774527E+00
        -0.1357167E+01
        -0.1451540E+01
         0.9338803E+00
         0.5423175E+00
        -0.1520629E+01
        -0.3197179E+00
         0.1318332E+01
        -0.3510279E+00
        -0.4642172E+00
         0.7480526E+00
        -0.5529009E+00
         0.7294298E+00
         0.6029870E+00
         0.1146930E+01
        -0.1554356E+01
         0.2871756E+00
         0.1615472E+00
        -0.5333875E-01
         0.7119581E+00
        -0.1802959E+01
         0.1931374E+01
         0.6716772E+00
         0.9696661E+00
         0.1566814E-02
        -0.3364949E+00
        -0.7436172E+00
         0.5103346E+00
        -0.1649385E+01
        -0.3238940E+00
        -0.1115884E+01
        -0.1450630E+01
         0.2181282E+01
        -0.1058332E+01
         0.7140493E+00
        -0.4161643E+00
         0.1236512E+01
         0.2162701E+00
         0.6475423E+00
        -0.1604941E+01
         0.2956858E+00
        -0.2054629E+01
         0.7884649E-01
        -0.1805680E+01
         0.4094321E+00
        -0.5752206E+00
        -0.1009787E+01
        -0.1932531E+01
        -0.2156024E+01
         0.1007379E+00
         0.1453725E+01
        -0.1410770E+00
        -0.5202679E+00
        -0.3479352E-01
         0.1128512E+01
         0.3190665E+00
         0.6564666E+00
        -0.1279091E+01
        -0.7701059E+00
         0.8400889E+00
         0.7388562E+00
         0.3328105E+00
        -0.2425223E+00
        -0.1096483E+01
        -0.1452839E+01
         0.2220729E+01
         0.1401194E+01
         0.1566763E+00
         0.4117313E+00
         0.5725576E+00
        -0.8023967E+00
         0.1044324E+01
        -0.1434226E+01
        -0.2327442E+00
        -0.6874276E+00
         0.1055502E+00
         0.5434289E+00
         0.6412467E+00
         0.2677294E+00
         0.1483121E+00
        -0.6881564E-02
         0.5294613E+00
         0.1392406E+01
        -0.1285012E+01
         0.1088145E+01
        -0.3733085E+00
         0.7187541E+00
         0.2080252E+01
        -0.5764116E+00
         0.4703604E+00
        -0.3961144E+00
        -0.4911818E+00
        -0.5384866E+00
         0.1634223E+01
         0.1395563E+01
         0.1061780E+01
        -0.1040048E+01
         0.5324652E+00
         0.3536277E+00
         0.3908913E+00
         0.1885896E+00
         0.1391395E+01
         0.5450893E+00
        -0.9003113E+00
         0.3315968E+00
        -0.1362340E+01
        -0.1247344E+01
        -0.5987411E+00
         0.1400386E+01
         0.1501546E+01
         0.2765343E+01
        -0.8513967E+00
         0.3350788E-01
         0.8606062E+00
         0.1591211E+01
        -0.1156688E+01
        -0.8508424E+00
         0.3860122E+00
        -0.2396811E+00
         0.6512780E+00
        -0.4973748E+00
         0.4915881E+00
         0.1515839E-01
        -0.8899682E+00
        -0.1835496E+01
         0.8693465E+00
        -0.1352620E+00
        -0.5350215E+00
         0.1346537E+01
        -0.1668090E+00
        -0.4400297E+00
        -0.1179370E+01
        -0.1835264E+01
        -0.9018467E+00
         0.4339452E-01
         0.6848733E-01
        -0.4327053E+00
        -0.1071346E+01
         0.2920782E+00
        -0.3482993E+00
         0.3799252E-01
        -0.2043812E+00
         0.2145237E+00
        -0.2206022E+00
        -0.1316817E+00
         0.5356890E+00
        -0.1313328E+01
        -0.1775988E+01
        -0.1797578E+01
        -0.1141532E+01
        -0.1680783E+01
         0.6381897E+00
         0.4907728E+00
        -0.1220009E+01
         0.7205249E+00
         0.1995040E+01
        -0.5407570E+00
         0.7946068E+00
         0.6232563E+00
         0.8510680E+00
        -0.1408108E+01
         0.1488587E+01
         0.3249475E+00
        -0.3073729E+00
         0.1175883E+01
         0.3293611E+00
        -0.2746515E+00
         0.9963422E+00
        -0.1802347E+01
         0.3665239E+00
         0.1375792E+01
         0.1617961E+01
         0.2559722E+00
         0.2708521E-01
         0.1635736E+01
         0.1296433E+01
        -0.3028565E+00
        -0.7019911E+00
         0.2876686E+00
         0.1166323E+01
        -0.5093532E+00
        -0.8327265E+00
         0.4428297E-01
        -0.5475210E+00
         0.5727395E+00
         0.1305549E+01
        -0.3032072E-01
        -0.7425001E+00
         0.9030970E+00
        -0.7891735E+00
        -0.7942432E+00
        -0.2011484E+01
        -0.1158657E+01
         0.8077136E+00
         0.1311250E+01
         0.1087150E+01
        -0.2385785E+00
         0.8733855E+00
        -0.1120688E+01
         0.3139842E+00
         0.6127649E+00
        -0.1572173E+01
        -0.1189154E+00
        -0.5197903E+00
        -0.2327401E+00
         0.1083950E+01
        -0.6767240E+00
         0.9057805E+00
         0.1023688E+01
        -0.1903979E+01
        -0.1669464E+01
        -0.3759927E+00
        -0.1488958E+01
        -0.1641696E+00
         0.9562649E+00
        -0.1201677E+01
        -0.4313178E+00
        -0.1966218E+01
         0.1795516E-01
        -0.4150247E+00
         0.8638890E+00
        -0.7383342E+00
        -0.2772600E+00
         0.8878843E+00
         0.1356649E+01
        -0.4297557E+00
         0.1583518E+01
        -0.4912840E+00
        -0.1223360E+00
        -0.5692345E+00
         0.1293999E+01
         0.1430460E+00
        -0.3533756E+00
        -0.7643210E+00
         0.8755568E+00
        -0.4994471E+00
         0.3335013E+00
        -0.1694836E+01
         0.3075993E+00
        -0.1011098E+01
        -0.4200768E+00
         0.3012995E+00
        -0.5783718E+00
        -0.4001816E+00
        -0.4988312E-01
         0.2857396E+00
         0.1277665E+01
        -0.8772594E+00
        -0.4834307E+00
         0.7784202E-01
        -0.8992941E+00
        -0.3470706E+00
         0.6203691E+00
         0.8196261E+00
        -0.2185201E+00
        -0.7140492E+00
        -0.6357522E+00
         0.2204175E+00
         0.3299673E+00
         0.4486429E+00
         0.1108229E+01
         0.1111682E+01
         0.3820219E+00
        -0.8793804E+00
        -0.9366361E+00
        -0.9970874E+00
         0.1048569E+00
        -0.1185057E+00
         0.8045777E+00
         0.2376222E+01
         0.8074369E+00
        -0.7039169E+00
        -0.6040107E+00
        -0.2614834E+00
         0.5799678E+00
         0.1142332E+01
         0.5429393E+00
         0.1919118E+01
        -0.2249871E+01
         0.9320107E+00
         0.9922804E+00
        -0.5494199E+00
        -0.4288207E+00
        -0.6974025E-01
         0.1622039E+00
         0.4580273E+00
         0.4809885E+00
         0.5380449E+00
        -0.2337118E+00
        -0.4061671E+00
        -0.1639179E+01
        -0.1104981E+01
        -0.3642249E+00
        -0.1425988E+00
        -0.1162236E+00
         0.1465076E+01
         0.3416677E+00
         0.6100249E+00
        -0.7979120E+00
        -0.1574626E+01
        -0.8772490E+00
        -0.4535018E+00
        -0.1197782E+01
         0.6975898E+00
        -0.4183669E+00
        -0.4735645E+00
        -0.1272494E+01
         0.3546184E+00
        -0.2359437E+00
        -0.4100430E-01
         0.3646179E+00
        -0.8506503E+00
         0.6599320E+00
        -0.1765159E+01
        -0.1105315E+00
         0.3706268E+00
        -0.1663838E+01
         0.2206122E+01
         0.1478522E+01
         0.1271232E+01
        -0.4107518E-01
        -0.1023855E+01
        -0.1684457E+00
         0.4477586E+00
        -0.1150162E+01
         0.7222097E-01
         0.5551650E+00
         0.1490487E+01
         0.2733445E+00
         0.2283124E+01
        -0.8813420E+00
         0.9649363E-01
         0.9574512E+00
        -0.6678221E+00
        -0.3440858E+00
         0.8343171E+00
         0.5603455E+00
         0.5608485E+00
         0.3317945E+00
        -0.9314619E+00
         0.1333314E+01
        -0.5110555E+00
        -0.7268181E+00
        -0.3213361E+00
         0.5684726E+00
         0.4723009E-01
        -0.3872288E+00
        -0.6478862E+00
        -0.9112530E+00
         0.1384903E+00
         0.1689045E-01
        -0.2107073E+00
         0.1038301E+01
        -0.1338388E-01
        -0.2380636E+00
        -0.6407715E+00
        -0.4087554E+00
        -0.1258769E+01
        -0.8387194E-01
         0.4724488E+00
        -0.1033464E+01
        -0.3356875E+00
         0.1856572E+00
         0.1273956E+01
        -0.1531246E+01
         0.3450978E+00
         0.6246426E+00
         0.2397009E+00
        -0.2346173E+00
         0.1647127E+00
        -0.6199898E+00
        -0.8405441E-01
         0.1438960E+01
        -0.1765046E+01
         0.2655384E+00
        -0.8889273E+00
         0.1068737E+01
        -0.1283107E+01
        -0.1261892E+01
         0.2153089E+00
        -0.9221990E-01
        -0.1486556E+01
        -0.1177471E+01
         0.5513110E+00
         0.7975773E+00
         0.2950350E+00
         0.1024224E+00
        -0.6800330E+00
         0.9054799E+00
        -0.1235681E+01
         0.3029088E+00
        -0.4468577E+00
         0.2601588E+01
        -0.2277134E+01
         0.4024228E+00
         0.1864631E+01
         0.4279851E+00
         0.1217715E+01
         0.7508466E+00
        -0.1142365E+01
        -0.8495229E+00
        -0.3972882E+00
        -0.4540645E+00
         0.6541856E+00
         0.1213460E+00
        -0.2666000E+00
         0.7152952E+00
        -0.3820915E+00
        -0.7875275E+00
