         0.1000000E-02	         0.9990005E+00
         0.2000000E-02	         0.9980020E+00
         0.3000000E-02	         0.9970045E+00
         0.4000000E-02	         0.9960080E+00
         0.5000000E-02	         0.9950125E+00
         0.6000000E-02	         0.9940180E+00
         0.7000000E-02	         0.9930245E+00
         0.8000000E-02	         0.9920319E+00
         0.9000000E-02	         0.9910403E+00
         0.1000000E-01	         0.9900498E+00
         0.1100000E-01	         0.9890603E+00
         0.1200000E-01	         0.9880717E+00
         0.1300000E-01	         0.9870842E+00
         0.1400000E-01	         0.9860975E+00
         0.1500000E-01	         0.9851120E+00
         0.1600000E-01	         0.9841273E+00
         0.1700000E-01	         0.9831437E+00
         0.1800000E-01	         0.9821610E+00
         0.1900000E-01	         0.9811794E+00
         0.2000000E-01	         0.9801987E+00
         0.2100000E-01	         0.9792190E+00
         0.2200000E-01	         0.9782403E+00
         0.2300000E-01	         0.9772625E+00
         0.2400000E-01	         0.9762857E+00
         0.2500000E-01	         0.9753099E+00
         0.2600000E-01	         0.9743351E+00
         0.2700000E-01	         0.9733613E+00
         0.2800000E-01	         0.9723884E+00
         0.2900000E-01	         0.9714165E+00
         0.3000000E-01	         0.9704455E+00
         0.3100000E-01	         0.9694756E+00
         0.3200000E-01	         0.9685066E+00
         0.3300000E-01	         0.9675385E+00
         0.3400000E-01	         0.9665715E+00
         0.3500000E-01	         0.9656054E+00
         0.3600000E-01	         0.9646403E+00
         0.3700000E-01	         0.9636762E+00
         0.3800000E-01	         0.9627129E+00
         0.3900000E-01	         0.9617507E+00
         0.4000000E-01	         0.9607894E+00
         0.4100000E-01	         0.9598292E+00
         0.4200000E-01	         0.9588698E+00
         0.4300000E-01	         0.9579114E+00
         0.4400000E-01	         0.9569539E+00
         0.4500000E-01	         0.9559975E+00
         0.4600000E-01	         0.9550419E+00
         0.4700000E-01	         0.9540874E+00
         0.4800000E-01	         0.9531338E+00
         0.4900000E-01	         0.9521811E+00
         0.5000000E-01	         0.9512295E+00
         0.5100000E-01	         0.9502786E+00
         0.5200000E-01	         0.9493288E+00
         0.5300000E-01	         0.9483800E+00
         0.5400000E-01	         0.9474321E+00
         0.5500000E-01	         0.9464852E+00
         0.5600000E-01	         0.9455391E+00
         0.5700000E-01	         0.9445941E+00
         0.5800000E-01	         0.9436499E+00
         0.5900000E-01	         0.9427068E+00
         0.6000000E-01	         0.9417645E+00
         0.6100000E-01	         0.9408233E+00
         0.6200000E-01	         0.9398829E+00
         0.6300000E-01	         0.9389434E+00
         0.6400000E-01	         0.9380050E+00
         0.6500000E-01	         0.9370674E+00
         0.6600000E-01	         0.9361309E+00
         0.6700000E-01	         0.9351952E+00
         0.6800000E-01	         0.9342605E+00
         0.6900000E-01	         0.9333267E+00
         0.7000000E-01	         0.9323938E+00
         0.7100000E-01	         0.9314619E+00
         0.7200000E-01	         0.9305309E+00
         0.7300000E-01	         0.9296008E+00
         0.7400000E-01	         0.9286717E+00
         0.7500000E-01	         0.9277435E+00
         0.7600000E-01	         0.9268162E+00
         0.7700000E-01	         0.9258898E+00
         0.7800000E-01	         0.9249644E+00
         0.7900000E-01	         0.9240399E+00
         0.8000000E-01	         0.9231163E+00
         0.8100000E-01	         0.9221937E+00
         0.8200000E-01	         0.9212720E+00
         0.8300000E-01	         0.9203511E+00
         0.8400000E-01	         0.9194313E+00
         0.8500000E-01	         0.9185123E+00
         0.8600000E-01	         0.9175943E+00
         0.8700000E-01	         0.9166771E+00
         0.8800000E-01	         0.9157609E+00
         0.8900000E-01	         0.9148456E+00
         0.9000000E-01	         0.9139312E+00
         0.9100000E-01	         0.9130177E+00
         0.9200000E-01	         0.9121051E+00
         0.9300000E-01	         0.9111935E+00
         0.9400000E-01	         0.9102827E+00
         0.9500000E-01	         0.9093729E+00
         0.9600000E-01	         0.9084640E+00
         0.9700000E-01	         0.9075560E+00
         0.9800000E-01	         0.9066489E+00
         0.9900000E-01	         0.9057427E+00
         0.1000000E+00	         0.9048374E+00
         0.1010000E+00	         0.9039330E+00
         0.1020000E+00	         0.9030296E+00
         0.1030000E+00	         0.9021270E+00
         0.1040000E+00	         0.9012253E+00
         0.1050000E+00	         0.9003245E+00
         0.1060000E+00	         0.8994247E+00
         0.1070000E+00	         0.8985257E+00
         0.1080000E+00	         0.8976276E+00
         0.1090000E+00	         0.8967304E+00
         0.1100000E+00	         0.8958341E+00
         0.1110000E+00	         0.8949388E+00
         0.1120000E+00	         0.8940443E+00
         0.1130000E+00	         0.8931506E+00
         0.1140000E+00	         0.8922579E+00
         0.1150000E+00	         0.8913661E+00
         0.1160000E+00	         0.8904752E+00
         0.1170000E+00	         0.8895852E+00
         0.1180000E+00	         0.8886961E+00
         0.1190000E+00	         0.8878078E+00
         0.1200000E+00	         0.8869205E+00
         0.1210000E+00	         0.8860340E+00
         0.1220000E+00	         0.8851483E+00
         0.1230000E+00	         0.8842636E+00
         0.1240000E+00	         0.8833798E+00
         0.1250000E+00	         0.8824969E+00
         0.1260000E+00	         0.8816149E+00
         0.1270000E+00	         0.8807337E+00
         0.1280000E+00	         0.8798534E+00
         0.1290000E+00	         0.8789740E+00
         0.1300000E+00	         0.8780954E+00
         0.1310000E+00	         0.8772178E+00
         0.1320000E+00	         0.8763410E+00
         0.1330000E+00	         0.8754651E+00
         0.1340000E+00	         0.8745900E+00
         0.1350000E+00	         0.8737159E+00
         0.1360000E+00	         0.8728426E+00
         0.1370000E+00	         0.8719702E+00
         0.1380000E+00	         0.8710987E+00
         0.1390000E+00	         0.8702280E+00
         0.1400000E+00	         0.8693582E+00
         0.1410000E+00	         0.8684893E+00
         0.1420000E+00	         0.8676212E+00
         0.1430000E+00	         0.8667541E+00
         0.1440000E+00	         0.8658878E+00
         0.1450000E+00	         0.8650223E+00
         0.1460000E+00	         0.8641577E+00
         0.1470000E+00	         0.8632940E+00
         0.1480000E+00	         0.8624311E+00
         0.1490000E+00	         0.8615691E+00
         0.1500000E+00	         0.8607080E+00
         0.1510000E+00	         0.8598477E+00
         0.1520000E+00	         0.8589883E+00
         0.1530000E+00	         0.8581297E+00
         0.1540000E+00	         0.8572720E+00
         0.1550000E+00	         0.8564152E+00
         0.1560000E+00	         0.8555592E+00
         0.1570000E+00	         0.8547041E+00
         0.1580000E+00	         0.8538498E+00
         0.1590000E+00	         0.8529963E+00
         0.1600000E+00	         0.8521438E+00
         0.1610000E+00	         0.8512921E+00
         0.1620000E+00	         0.8504412E+00
         0.1630000E+00	         0.8495912E+00
         0.1640000E+00	         0.8487420E+00
         0.1650000E+00	         0.8478937E+00
         0.1660000E+00	         0.8470463E+00
         0.1670000E+00	         0.8461996E+00
         0.1680000E+00	         0.8453538E+00
         0.1690000E+00	         0.8445089E+00
         0.1700000E+00	         0.8436648E+00
         0.1710000E+00	         0.8428216E+00
         0.1720000E+00	         0.8419791E+00
         0.1730000E+00	         0.8411376E+00
         0.1740000E+00	         0.8402969E+00
         0.1750000E+00	         0.8394570E+00
         0.1760000E+00	         0.8386180E+00
         0.1770000E+00	         0.8377798E+00
         0.1780000E+00	         0.8369424E+00
         0.1790000E+00	         0.8361059E+00
         0.1800000E+00	         0.8352702E+00
         0.1810000E+00	         0.8344353E+00
         0.1820000E+00	         0.8336014E+00
         0.1830000E+00	         0.8327681E+00
         0.1840000E+00	         0.8319358E+00
         0.1850000E+00	         0.8311043E+00
         0.1860000E+00	         0.8302736E+00
         0.1870000E+00	         0.8294438E+00
         0.1880000E+00	         0.8286147E+00
         0.1890000E+00	         0.8277865E+00
         0.1900000E+00	         0.8269591E+00
         0.1910000E+00	         0.8261326E+00
         0.1920000E+00	         0.8253069E+00
         0.1930000E+00	         0.8244820E+00
         0.1940000E+00	         0.8236579E+00
         0.1950000E+00	         0.8228347E+00
         0.1960000E+00	         0.8220122E+00
         0.1970000E+00	         0.8211906E+00
         0.1980000E+00	         0.8203698E+00
         0.1990000E+00	         0.8195499E+00
         0.2000000E+00	         0.8187308E+00
         0.2010000E+00	         0.8179124E+00
         0.2020000E+00	         0.8170949E+00
         0.2030000E+00	         0.8162782E+00
         0.2040000E+00	         0.8154624E+00
         0.2050000E+00	         0.8146473E+00
         0.2060000E+00	         0.8138331E+00
         0.2070000E+00	         0.8130196E+00
         0.2080000E+00	         0.8122070E+00
         0.2090000E+00	         0.8113952E+00
         0.2100000E+00	         0.8105842E+00
         0.2110000E+00	         0.8097740E+00
         0.2120000E+00	         0.8089647E+00
         0.2130000E+00	         0.8081561E+00
         0.2140000E+00	         0.8073484E+00
         0.2150000E+00	         0.8065414E+00
         0.2160000E+00	         0.8057353E+00
         0.2170000E+00	         0.8049300E+00
         0.2180000E+00	         0.8041254E+00
         0.2190000E+00	         0.8033217E+00
         0.2200000E+00	         0.8025188E+00
         0.2210000E+00	         0.8017167E+00
         0.2220000E+00	         0.8009154E+00
         0.2230000E+00	         0.8001149E+00
         0.2240000E+00	         0.7993152E+00
         0.2250000E+00	         0.7985162E+00
         0.2260000E+00	         0.7977181E+00
         0.2270000E+00	         0.7969208E+00
         0.2280000E+00	         0.7961242E+00
         0.2290000E+00	         0.7953285E+00
         0.2300000E+00	         0.7945336E+00
         0.2310000E+00	         0.7937394E+00
         0.2320000E+00	         0.7929461E+00
         0.2330000E+00	         0.7921535E+00
         0.2340000E+00	         0.7913618E+00
         0.2350000E+00	         0.7905709E+00
         0.2360000E+00	         0.7897807E+00
         0.2370000E+00	         0.7889913E+00
         0.2380000E+00	         0.7882027E+00
         0.2390000E+00	         0.7874148E+00
         0.2400000E+00	         0.7866278E+00
         0.2410000E+00	         0.7858416E+00
         0.2420000E+00	         0.7850562E+00
         0.2430000E+00	         0.7842715E+00
         0.2440000E+00	         0.7834876E+00
         0.2450000E+00	         0.7827045E+00
         0.2460000E+00	         0.7819222E+00
         0.2470000E+00	         0.7811407E+00
         0.2480000E+00	         0.7803599E+00
         0.2490000E+00	         0.7795799E+00
         0.2500000E+00	         0.7788008E+00
         0.2510000E+00	         0.7780223E+00
         0.2520000E+00	         0.7772447E+00
         0.2530000E+00	         0.7764679E+00
         0.2540000E+00	         0.7756918E+00
         0.2550000E+00	         0.7749165E+00
         0.2560000E+00	         0.7741420E+00
         0.2570000E+00	         0.7733682E+00
         0.2580000E+00	         0.7725952E+00
         0.2590000E+00	         0.7718230E+00
         0.2600000E+00	         0.7710516E+00
         0.2610000E+00	         0.7702809E+00
         0.2620000E+00	         0.7695110E+00
         0.2630000E+00	         0.7687419E+00
         0.2640000E+00	         0.7679735E+00
         0.2650000E+00	         0.7672060E+00
         0.2660000E+00	         0.7664391E+00
         0.2670000E+00	         0.7656730E+00
         0.2680000E+00	         0.7649078E+00
         0.2690000E+00	         0.7641432E+00
         0.2700000E+00	         0.7633795E+00
         0.2710000E+00	         0.7626165E+00
         0.2720000E+00	         0.7618542E+00
         0.2730000E+00	         0.7610928E+00
         0.2740000E+00	         0.7603320E+00
         0.2750000E+00	         0.7595721E+00
         0.2760000E+00	         0.7588129E+00
         0.2770000E+00	         0.7580545E+00
         0.2780000E+00	         0.7572968E+00
         0.2790000E+00	         0.7565399E+00
         0.2800000E+00	         0.7557837E+00
         0.2810000E+00	         0.7550283E+00
         0.2820000E+00	         0.7542737E+00
         0.2830000E+00	         0.7535198E+00
         0.2840000E+00	         0.7527666E+00
         0.2850000E+00	         0.7520142E+00
         0.2860000E+00	         0.7512626E+00
         0.2870000E+00	         0.7505117E+00
         0.2880000E+00	         0.7497616E+00
         0.2890000E+00	         0.7490122E+00
         0.2900000E+00	         0.7482635E+00
         0.2910000E+00	         0.7475157E+00
         0.2920000E+00	         0.7467685E+00
         0.2930000E+00	         0.7460221E+00
         0.2940000E+00	         0.7452765E+00
         0.2950000E+00	         0.7445316E+00
         0.2960000E+00	         0.7437874E+00
         0.2970000E+00	         0.7430440E+00
         0.2980000E+00	         0.7423013E+00
         0.2990000E+00	         0.7415594E+00
         0.3000000E+00	         0.7408182E+00
         0.3010000E+00	         0.7400777E+00
         0.3020000E+00	         0.7393380E+00
         0.3030000E+00	         0.7385991E+00
         0.3040000E+00	         0.7378609E+00
         0.3050000E+00	         0.7371234E+00
         0.3060000E+00	         0.7363866E+00
         0.3070000E+00	         0.7356506E+00
         0.3080000E+00	         0.7349153E+00
         0.3090000E+00	         0.7341807E+00
         0.3100000E+00	         0.7334470E+00
         0.3110000E+00	         0.7327139E+00
         0.3120000E+00	         0.7319815E+00
         0.3130000E+00	         0.7312499E+00
         0.3140000E+00	         0.7305190E+00
         0.3150000E+00	         0.7297888E+00
         0.3160000E+00	         0.7290595E+00
         0.3170000E+00	         0.7283307E+00
         0.3180000E+00	         0.7276028E+00
         0.3190000E+00	         0.7268755E+00
         0.3200000E+00	         0.7261490E+00
         0.3210000E+00	         0.7254232E+00
         0.3220000E+00	         0.7246982E+00
         0.3230000E+00	         0.7239739E+00
         0.3240000E+00	         0.7232503E+00
         0.3250000E+00	         0.7225273E+00
         0.3260000E+00	         0.7218052E+00
         0.3270000E+00	         0.7210837E+00
         0.3280000E+00	         0.7203630E+00
         0.3290000E+00	         0.7196430E+00
         0.3300000E+00	         0.7189237E+00
         0.3310000E+00	         0.7182052E+00
         0.3320000E+00	         0.7174873E+00
         0.3330000E+00	         0.7167702E+00
         0.3340000E+00	         0.7160538E+00
         0.3350000E+00	         0.7153381E+00
         0.3360000E+00	         0.7146231E+00
         0.3370000E+00	         0.7139089E+00
         0.3380000E+00	         0.7131953E+00
         0.3390000E+00	         0.7124825E+00
         0.3400000E+00	         0.7117703E+00
         0.3410000E+00	         0.7110589E+00
         0.3420000E+00	         0.7103482E+00
         0.3430000E+00	         0.7096382E+00
         0.3440000E+00	         0.7089289E+00
         0.3450000E+00	         0.7082204E+00
         0.3460000E+00	         0.7075125E+00
         0.3470000E+00	         0.7068053E+00
         0.3480000E+00	         0.7060989E+00
         0.3490000E+00	         0.7053931E+00
         0.3500000E+00	         0.7046881E+00
         0.3510000E+00	         0.7039837E+00
         0.3520000E+00	         0.7032801E+00
         0.3530000E+00	         0.7025772E+00
         0.3540000E+00	         0.7018750E+00
         0.3550000E+00	         0.7011734E+00
         0.3560000E+00	         0.7004726E+00
         0.3570000E+00	         0.6997725E+00
         0.3580000E+00	         0.6990731E+00
         0.3590000E+00	         0.6983743E+00
         0.3600000E+00	         0.6976763E+00
         0.3610000E+00	         0.6969790E+00
         0.3620000E+00	         0.6962823E+00
         0.3630000E+00	         0.6955864E+00
         0.3640000E+00	         0.6948912E+00
         0.3650000E+00	         0.6941966E+00
         0.3660000E+00	         0.6935028E+00
         0.3670000E+00	         0.6928096E+00
         0.3680000E+00	         0.6921172E+00
         0.3690000E+00	         0.6914254E+00
         0.3700000E+00	         0.6907343E+00
         0.3710000E+00	         0.6900439E+00
         0.3720000E+00	         0.6893542E+00
         0.3730000E+00	         0.6886652E+00
         0.3740000E+00	         0.6879769E+00
         0.3750000E+00	         0.6872892E+00
         0.3760000E+00	         0.6866023E+00
         0.3770000E+00	         0.6859161E+00
         0.3780000E+00	         0.6852305E+00
         0.3790000E+00	         0.6845456E+00
         0.3800000E+00	         0.6838614E+00
         0.3810000E+00	         0.6831779E+00
         0.3820000E+00	         0.6824951E+00
         0.3830000E+00	         0.6818129E+00
         0.3840000E+00	         0.6811314E+00
         0.3850000E+00	         0.6804506E+00
         0.3860000E+00	         0.6797705E+00
         0.3870000E+00	         0.6790911E+00
         0.3880000E+00	         0.6784123E+00
         0.3890000E+00	         0.6777343E+00
         0.3900000E+00	         0.6770568E+00
         0.3910000E+00	         0.6763802E+00
         0.3920000E+00	         0.6757041E+00
         0.3930000E+00	         0.6750287E+00
         0.3940000E+00	         0.6743540E+00
         0.3950000E+00	         0.6736800E+00
         0.3960000E+00	         0.6730067E+00
         0.3970000E+00	         0.6723340E+00
         0.3980000E+00	         0.6716620E+00
         0.3990000E+00	         0.6709907E+00
         0.4000000E+00	         0.6703200E+00
         0.4010000E+00	         0.6696500E+00
         0.4020000E+00	         0.6689807E+00
         0.4030000E+00	         0.6683121E+00
         0.4040000E+00	         0.6676441E+00
         0.4050000E+00	         0.6669768E+00
         0.4060000E+00	         0.6663101E+00
         0.4070000E+00	         0.6656442E+00
         0.4080000E+00	         0.6649789E+00
         0.4090000E+00	         0.6643142E+00
         0.4100000E+00	         0.6636502E+00
         0.4110000E+00	         0.6629869E+00
         0.4120000E+00	         0.6623242E+00
         0.4130000E+00	         0.6616623E+00
         0.4140000E+00	         0.6610009E+00
         0.4150000E+00	         0.6603402E+00
         0.4160000E+00	         0.6596802E+00
         0.4170000E+00	         0.6590209E+00
         0.4180000E+00	         0.6583622E+00
         0.4190000E+00	         0.6577042E+00
         0.4200000E+00	         0.6570468E+00
         0.4210000E+00	         0.6563901E+00
         0.4220000E+00	         0.6557340E+00
         0.4230000E+00	         0.6550786E+00
         0.4240000E+00	         0.6544239E+00
         0.4250000E+00	         0.6537698E+00
         0.4260000E+00	         0.6531163E+00
         0.4270000E+00	         0.6524636E+00
         0.4280000E+00	         0.6518114E+00
         0.4290000E+00	         0.6511599E+00
         0.4300000E+00	         0.6505091E+00
         0.4310000E+00	         0.6498589E+00
         0.4320000E+00	         0.6492094E+00
         0.4330000E+00	         0.6485605E+00
         0.4340000E+00	         0.6479123E+00
         0.4350000E+00	         0.6472647E+00
         0.4360000E+00	         0.6466177E+00
         0.4370000E+00	         0.6459714E+00
         0.4380000E+00	         0.6453258E+00
         0.4390000E+00	         0.6446808E+00
         0.4400000E+00	         0.6440364E+00
         0.4410000E+00	         0.6433927E+00
         0.4420000E+00	         0.6427496E+00
         0.4430000E+00	         0.6421072E+00
         0.4440000E+00	         0.6414654E+00
         0.4450000E+00	         0.6408243E+00
         0.4460000E+00	         0.6401837E+00
         0.4470000E+00	         0.6395439E+00
         0.4480000E+00	         0.6389047E+00
         0.4490000E+00	         0.6382661E+00
         0.4500000E+00	         0.6376281E+00
         0.4510000E+00	         0.6369908E+00
         0.4520000E+00	         0.6363541E+00
         0.4530000E+00	         0.6357181E+00
         0.4540000E+00	         0.6350827E+00
         0.4550000E+00	         0.6344479E+00
         0.4560000E+00	         0.6338138E+00
         0.4570000E+00	         0.6331803E+00
         0.4580000E+00	         0.6325474E+00
         0.4590000E+00	         0.6319152E+00
         0.4600000E+00	         0.6312836E+00
         0.4610000E+00	         0.6306527E+00
         0.4620000E+00	         0.6300223E+00
         0.4630000E+00	         0.6293926E+00
         0.4640000E+00	         0.6287636E+00
         0.4650000E+00	         0.6281351E+00
         0.4660000E+00	         0.6275073E+00
         0.4670000E+00	         0.6268801E+00
         0.4680000E+00	         0.6262535E+00
         0.4690000E+00	         0.6256276E+00
         0.4700000E+00	         0.6250023E+00
         0.4710000E+00	         0.6243775E+00
         0.4720000E+00	         0.6237535E+00
         0.4730000E+00	         0.6231301E+00
         0.4740000E+00	         0.6225072E+00
         0.4750000E+00	         0.6218851E+00
         0.4760000E+00	         0.6212635E+00
         0.4770000E+00	         0.6206425E+00
         0.4780000E+00	         0.6200222E+00
         0.4790000E+00	         0.6194025E+00
         0.4800000E+00	         0.6187834E+00
         0.4810000E+00	         0.6181649E+00
         0.4820000E+00	         0.6175470E+00
         0.4830000E+00	         0.6169298E+00
         0.4840000E+00	         0.6163132E+00
         0.4850000E+00	         0.6156972E+00
         0.4860000E+00	         0.6150818E+00
         0.4870000E+00	         0.6144670E+00
         0.4880000E+00	         0.6138529E+00
         0.4890000E+00	         0.6132393E+00
         0.4900000E+00	         0.6126264E+00
         0.4910000E+00	         0.6120141E+00
         0.4920000E+00	         0.6114023E+00
         0.4930000E+00	         0.6107913E+00
         0.4940000E+00	         0.6101808E+00
         0.4950000E+00	         0.6095709E+00
         0.4960000E+00	         0.6089616E+00
         0.4970000E+00	         0.6083530E+00
         0.4980000E+00	         0.6077449E+00
         0.4990000E+00	         0.6071375E+00
         0.5000000E+00	         0.6065307E+00
         0.5010000E+00	         0.6059244E+00
         0.5020000E+00	         0.6053188E+00
         0.5030000E+00	         0.6047138E+00
         0.5040000E+00	         0.6041094E+00
         0.5050000E+00	         0.6035056E+00
         0.5060000E+00	         0.6029024E+00
         0.5070000E+00	         0.6022997E+00
         0.5080000E+00	         0.6016977E+00
         0.5090000E+00	         0.6010964E+00
         0.5100000E+00	         0.6004956E+00
         0.5110000E+00	         0.5998954E+00
         0.5120000E+00	         0.5992958E+00
         0.5130000E+00	         0.5986968E+00
         0.5140000E+00	         0.5980984E+00
         0.5150000E+00	         0.5975006E+00
         0.5160000E+00	         0.5969034E+00
         0.5170000E+00	         0.5963068E+00
         0.5180000E+00	         0.5957108E+00
         0.5190000E+00	         0.5951154E+00
         0.5200000E+00	         0.5945205E+00
         0.5210000E+00	         0.5939263E+00
         0.5220000E+00	         0.5933327E+00
         0.5230000E+00	         0.5927396E+00
         0.5240000E+00	         0.5921472E+00
         0.5250000E+00	         0.5915554E+00
         0.5260000E+00	         0.5909641E+00
         0.5270000E+00	         0.5903735E+00
         0.5280000E+00	         0.5897834E+00
         0.5290000E+00	         0.5891938E+00
         0.5300000E+00	         0.5886049E+00
         0.5310000E+00	         0.5880166E+00
         0.5320000E+00	         0.5874289E+00
         0.5330000E+00	         0.5868418E+00
         0.5340000E+00	         0.5862553E+00
         0.5350000E+00	         0.5856693E+00
         0.5360000E+00	         0.5850839E+00
         0.5370000E+00	         0.5844991E+00
         0.5380000E+00	         0.5839149E+00
         0.5390000E+00	         0.5833313E+00
         0.5400000E+00	         0.5827482E+00
         0.5410000E+00	         0.5821658E+00
         0.5420000E+00	         0.5815839E+00
         0.5430000E+00	         0.5810026E+00
         0.5440000E+00	         0.5804219E+00
         0.5450000E+00	         0.5798418E+00
         0.5460000E+00	         0.5792623E+00
         0.5470000E+00	         0.5786833E+00
         0.5480000E+00	         0.5781049E+00
         0.5490000E+00	         0.5775270E+00
         0.5500000E+00	         0.5769498E+00
         0.5510000E+00	         0.5763732E+00
         0.5520000E+00	         0.5757970E+00
         0.5530000E+00	         0.5752215E+00
         0.5540000E+00	         0.5746466E+00
         0.5550000E+00	         0.5740722E+00
         0.5560000E+00	         0.5734984E+00
         0.5570000E+00	         0.5729253E+00
         0.5580000E+00	         0.5723526E+00
         0.5590000E+00	         0.5717806E+00
         0.5600000E+00	         0.5712091E+00
         0.5610000E+00	         0.5706381E+00
         0.5620000E+00	         0.5700678E+00
         0.5630000E+00	         0.5694980E+00
         0.5640000E+00	         0.5689288E+00
         0.5650000E+00	         0.5683601E+00
         0.5660000E+00	         0.5677921E+00
         0.5670000E+00	         0.5672246E+00
         0.5680000E+00	         0.5666576E+00
         0.5690000E+00	         0.5660912E+00
         0.5700000E+00	         0.5655254E+00
         0.5710000E+00	         0.5649602E+00
         0.5720000E+00	         0.5643955E+00
         0.5730000E+00	         0.5638314E+00
         0.5740000E+00	         0.5632678E+00
         0.5750000E+00	         0.5627049E+00
         0.5760000E+00	         0.5621424E+00
         0.5770000E+00	         0.5615806E+00
         0.5780000E+00	         0.5610193E+00
         0.5790000E+00	         0.5604585E+00
         0.5800000E+00	         0.5598983E+00
         0.5810000E+00	         0.5593387E+00
         0.5820000E+00	         0.5587797E+00
         0.5830000E+00	         0.5582212E+00
         0.5840000E+00	         0.5576632E+00
         0.5850000E+00	         0.5571058E+00
         0.5860000E+00	         0.5565490E+00
         0.5870000E+00	         0.5559928E+00
         0.5880000E+00	         0.5554370E+00
         0.5890000E+00	         0.5548819E+00
         0.5900000E+00	         0.5543272E+00
         0.5910000E+00	         0.5537732E+00
         0.5920000E+00	         0.5532197E+00
         0.5930000E+00	         0.5526668E+00
         0.5940000E+00	         0.5521144E+00
         0.5950000E+00	         0.5515625E+00
         0.5960000E+00	         0.5510113E+00
         0.5970000E+00	         0.5504605E+00
         0.5980000E+00	         0.5499103E+00
         0.5990000E+00	         0.5493607E+00
         0.6000000E+00	         0.5488116E+00
         0.6010000E+00	         0.5482631E+00
         0.6020000E+00	         0.5477151E+00
         0.6030000E+00	         0.5471677E+00
         0.6040000E+00	         0.5466208E+00
         0.6050000E+00	         0.5460744E+00
         0.6060000E+00	         0.5455287E+00
         0.6070000E+00	         0.5449833E+00
         0.6080000E+00	         0.5444387E+00
         0.6090000E+00	         0.5438945E+00
         0.6100000E+00	         0.5433509E+00
         0.6110000E+00	         0.5428078E+00
         0.6120000E+00	         0.5422652E+00
         0.6130000E+00	         0.5417233E+00
         0.6140000E+00	         0.5411818E+00
         0.6150000E+00	         0.5406409E+00
         0.6160000E+00	         0.5401005E+00
         0.6170000E+00	         0.5395607E+00
         0.6180000E+00	         0.5390214E+00
         0.6190000E+00	         0.5384827E+00
         0.6200000E+00	         0.5379444E+00
         0.6210000E+00	         0.5374067E+00
         0.6220000E+00	         0.5368696E+00
         0.6230000E+00	         0.5363330E+00
         0.6240000E+00	         0.5357969E+00
         0.6250000E+00	         0.5352615E+00
         0.6260000E+00	         0.5347264E+00
         0.6270000E+00	         0.5341920E+00
         0.6280000E+00	         0.5336580E+00
         0.6290000E+00	         0.5331246E+00
         0.6300000E+00	         0.5325918E+00
         0.6310000E+00	         0.5320594E+00
         0.6320000E+00	         0.5315276E+00
         0.6330000E+00	         0.5309964E+00
         0.6340000E+00	         0.5304657E+00
         0.6350000E+00	         0.5299355E+00
         0.6360000E+00	         0.5294058E+00
         0.6370000E+00	         0.5288767E+00
         0.6380000E+00	         0.5283480E+00
         0.6390000E+00	         0.5278199E+00
         0.6400000E+00	         0.5272924E+00
         0.6410000E+00	         0.5267654E+00
         0.6420000E+00	         0.5262389E+00
         0.6430000E+00	         0.5257129E+00
         0.6440000E+00	         0.5251874E+00
         0.6450000E+00	         0.5246625E+00
         0.6460000E+00	         0.5241382E+00
         0.6470000E+00	         0.5236143E+00
         0.6480000E+00	         0.5230909E+00
         0.6490000E+00	         0.5225680E+00
         0.6500000E+00	         0.5220457E+00
         0.6510000E+00	         0.5215240E+00
         0.6520000E+00	         0.5210027E+00
         0.6530000E+00	         0.5204819E+00
         0.6540000E+00	         0.5199617E+00
         0.6550000E+00	         0.5194420E+00
         0.6560000E+00	         0.5189229E+00
         0.6570000E+00	         0.5184042E+00
         0.6580000E+00	         0.5178860E+00
         0.6590000E+00	         0.5173684E+00
         0.6600000E+00	         0.5168513E+00
         0.6610000E+00	         0.5163347E+00
         0.6620000E+00	         0.5158187E+00
         0.6630000E+00	         0.5153031E+00
         0.6640000E+00	         0.5147880E+00
         0.6650000E+00	         0.5142735E+00
         0.6660000E+00	         0.5137595E+00
         0.6670000E+00	         0.5132460E+00
         0.6680000E+00	         0.5127330E+00
         0.6690000E+00	         0.5122205E+00
         0.6700000E+00	         0.5117086E+00
         0.6710000E+00	         0.5111971E+00
         0.6720000E+00	         0.5106862E+00
         0.6730000E+00	         0.5101757E+00
         0.6740000E+00	         0.5096658E+00
         0.6750000E+00	         0.5091564E+00
         0.6760000E+00	         0.5086475E+00
         0.6770000E+00	         0.5081391E+00
         0.6780000E+00	         0.5076312E+00
         0.6790000E+00	         0.5071238E+00
         0.6800000E+00	         0.5066170E+00
         0.6810000E+00	         0.5061106E+00
         0.6820000E+00	         0.5056047E+00
         0.6830000E+00	         0.5050994E+00
         0.6840000E+00	         0.5045946E+00
         0.6850000E+00	         0.5040902E+00
         0.6860000E+00	         0.5035864E+00
         0.6870000E+00	         0.5030831E+00
         0.6880000E+00	         0.5025802E+00
         0.6890000E+00	         0.5020779E+00
         0.6900000E+00	         0.5015761E+00
         0.6910000E+00	         0.5010747E+00
         0.6920000E+00	         0.5005739E+00
         0.6930000E+00	         0.5000736E+00
         0.6940000E+00	         0.4995738E+00
         0.6950000E+00	         0.4990744E+00
         0.6960000E+00	         0.4985756E+00
         0.6970000E+00	         0.4980773E+00
         0.6980000E+00	         0.4975795E+00
         0.6990000E+00	         0.4970821E+00
         0.7000000E+00	         0.4965853E+00
         0.7010000E+00	         0.4960890E+00
         0.7020000E+00	         0.4955931E+00
         0.7030000E+00	         0.4950978E+00
         0.7040000E+00	         0.4946029E+00
         0.7050000E+00	         0.4941086E+00
         0.7060000E+00	         0.4936147E+00
         0.7070000E+00	         0.4931213E+00
         0.7080000E+00	         0.4926285E+00
         0.7090000E+00	         0.4921361E+00
         0.7100000E+00	         0.4916442E+00
         0.7110000E+00	         0.4911528E+00
         0.7120000E+00	         0.4906619E+00
         0.7130000E+00	         0.4901714E+00
         0.7140000E+00	         0.4896815E+00
         0.7150000E+00	         0.4891921E+00
         0.7160000E+00	         0.4887032E+00
         0.7170000E+00	         0.4882147E+00
         0.7180000E+00	         0.4877267E+00
         0.7190000E+00	         0.4872392E+00
         0.7200000E+00	         0.4867522E+00
         0.7210000E+00	         0.4862657E+00
         0.7220000E+00	         0.4857797E+00
         0.7230000E+00	         0.4852942E+00
         0.7240000E+00	         0.4848091E+00
         0.7250000E+00	         0.4843245E+00
         0.7260000E+00	         0.4838405E+00
         0.7270000E+00	         0.4833569E+00
         0.7280000E+00	         0.4828737E+00
         0.7290000E+00	         0.4823911E+00
         0.7300000E+00	         0.4819090E+00
         0.7310000E+00	         0.4814273E+00
         0.7320000E+00	         0.4809461E+00
         0.7330000E+00	         0.4804654E+00
         0.7340000E+00	         0.4799852E+00
         0.7350000E+00	         0.4795054E+00
         0.7360000E+00	         0.4790262E+00
         0.7370000E+00	         0.4785474E+00
         0.7380000E+00	         0.4780691E+00
         0.7390000E+00	         0.4775912E+00
         0.7400000E+00	         0.4771139E+00
         0.7410000E+00	         0.4766370E+00
         0.7420000E+00	         0.4761606E+00
         0.7430000E+00	         0.4756847E+00
         0.7440000E+00	         0.4752093E+00
         0.7450000E+00	         0.4747343E+00
         0.7460000E+00	         0.4742598E+00
         0.7470000E+00	         0.4737858E+00
         0.7480000E+00	         0.4733122E+00
         0.7490000E+00	         0.4728391E+00
         0.7500000E+00	         0.4723665E+00
         0.7510000E+00	         0.4718944E+00
         0.7520000E+00	         0.4714228E+00
         0.7530000E+00	         0.4709516E+00
         0.7540000E+00	         0.4704809E+00
         0.7550000E+00	         0.4700106E+00
         0.7560000E+00	         0.4695408E+00
         0.7570000E+00	         0.4690715E+00
         0.7580000E+00	         0.4686027E+00
         0.7590000E+00	         0.4681343E+00
         0.7600000E+00	         0.4676664E+00
         0.7610000E+00	         0.4671990E+00
         0.7620000E+00	         0.4667320E+00
         0.7630000E+00	         0.4662655E+00
         0.7640000E+00	         0.4657995E+00
         0.7650000E+00	         0.4653339E+00
         0.7660000E+00	         0.4648688E+00
         0.7670000E+00	         0.4644042E+00
         0.7680000E+00	         0.4639400E+00
         0.7690000E+00	         0.4634763E+00
         0.7700000E+00	         0.4630131E+00
         0.7710000E+00	         0.4625503E+00
         0.7720000E+00	         0.4620880E+00
         0.7730000E+00	         0.4616261E+00
         0.7740000E+00	         0.4611647E+00
         0.7750000E+00	         0.4607038E+00
         0.7760000E+00	         0.4602433E+00
         0.7770000E+00	         0.4597833E+00
         0.7780000E+00	         0.4593237E+00
         0.7790000E+00	         0.4588646E+00
         0.7800000E+00	         0.4584060E+00
         0.7810000E+00	         0.4579478E+00
         0.7820000E+00	         0.4574901E+00
         0.7830000E+00	         0.4570328E+00
         0.7840000E+00	         0.4565760E+00
         0.7850000E+00	         0.4561197E+00
         0.7860000E+00	         0.4556638E+00
         0.7870000E+00	         0.4552084E+00
         0.7880000E+00	         0.4547534E+00
         0.7890000E+00	         0.4542989E+00
         0.7900000E+00	         0.4538448E+00
         0.7910000E+00	         0.4533912E+00
         0.7920000E+00	         0.4529380E+00
         0.7930000E+00	         0.4524853E+00
         0.7940000E+00	         0.4520330E+00
         0.7950000E+00	         0.4515812E+00
         0.7960000E+00	         0.4511299E+00
         0.7970000E+00	         0.4506789E+00
         0.7980000E+00	         0.4502285E+00
         0.7990000E+00	         0.4497785E+00
         0.8000000E+00	         0.4493290E+00
         0.8010000E+00	         0.4488798E+00
         0.8020000E+00	         0.4484312E+00
         0.8030000E+00	         0.4479830E+00
         0.8040000E+00	         0.4475352E+00
         0.8050000E+00	         0.4470879E+00
         0.8060000E+00	         0.4466410E+00
         0.8070000E+00	         0.4461946E+00
         0.8080000E+00	         0.4457487E+00
         0.8090000E+00	         0.4453031E+00
         0.8100000E+00	         0.4448580E+00
         0.8110000E+00	         0.4444134E+00
         0.8120000E+00	         0.4439692E+00
         0.8130000E+00	         0.4435255E+00
         0.8140000E+00	         0.4430822E+00
         0.8150000E+00	         0.4426393E+00
         0.8160000E+00	         0.4421969E+00
         0.8170000E+00	         0.4417549E+00
         0.8180000E+00	         0.4413134E+00
         0.8190000E+00	         0.4408723E+00
         0.8200000E+00	         0.4404316E+00
         0.8210000E+00	         0.4399914E+00
         0.8220000E+00	         0.4395517E+00
         0.8230000E+00	         0.4391123E+00
         0.8240000E+00	         0.4386734E+00
         0.8250000E+00	         0.4382350E+00
         0.8260000E+00	         0.4377970E+00
         0.8270000E+00	         0.4373594E+00
         0.8280000E+00	         0.4369222E+00
         0.8290000E+00	         0.4364855E+00
         0.8300000E+00	         0.4360493E+00
         0.8310000E+00	         0.4356135E+00
         0.8320000E+00	         0.4351780E+00
         0.8330000E+00	         0.4347431E+00
         0.8340000E+00	         0.4343086E+00
         0.8350000E+00	         0.4338745E+00
         0.8360000E+00	         0.4334408E+00
         0.8370000E+00	         0.4330076E+00
         0.8380000E+00	         0.4325748E+00
         0.8390000E+00	         0.4321424E+00
         0.8400000E+00	         0.4317105E+00
         0.8410000E+00	         0.4312790E+00
         0.8420000E+00	         0.4308479E+00
         0.8430000E+00	         0.4304173E+00
         0.8440000E+00	         0.4299871E+00
         0.8450000E+00	         0.4295574E+00
         0.8460000E+00	         0.4291280E+00
         0.8470000E+00	         0.4286991E+00
         0.8480000E+00	         0.4282706E+00
         0.8490000E+00	         0.4278426E+00
         0.8500000E+00	         0.4274149E+00
         0.8510000E+00	         0.4269877E+00
         0.8520000E+00	         0.4265609E+00
         0.8530000E+00	         0.4261346E+00
         0.8540000E+00	         0.4257087E+00
         0.8550000E+00	         0.4252832E+00
         0.8560000E+00	         0.4248581E+00
         0.8570000E+00	         0.4244334E+00
         0.8580000E+00	         0.4240092E+00
         0.8590000E+00	         0.4235854E+00
         0.8600000E+00	         0.4231621E+00
         0.8610000E+00	         0.4227391E+00
         0.8620000E+00	         0.4223166E+00
         0.8630000E+00	         0.4218945E+00
         0.8640000E+00	         0.4214728E+00
         0.8650000E+00	         0.4210515E+00
         0.8660000E+00	         0.4206307E+00
         0.8670000E+00	         0.4202103E+00
         0.8680000E+00	         0.4197903E+00
         0.8690000E+00	         0.4193707E+00
         0.8700000E+00	         0.4189515E+00
         0.8710000E+00	         0.4185328E+00
         0.8720000E+00	         0.4181145E+00
         0.8730000E+00	         0.4176966E+00
         0.8740000E+00	         0.4172791E+00
         0.8750000E+00	         0.4168620E+00
         0.8760000E+00	         0.4164453E+00
         0.8770000E+00	         0.4160291E+00
         0.8780000E+00	         0.4156133E+00
         0.8790000E+00	         0.4151979E+00
         0.8800000E+00	         0.4147829E+00
         0.8810000E+00	         0.4143683E+00
         0.8820000E+00	         0.4139542E+00
         0.8830000E+00	         0.4135404E+00
         0.8840000E+00	         0.4131271E+00
         0.8850000E+00	         0.4127142E+00
         0.8860000E+00	         0.4123017E+00
         0.8870000E+00	         0.4118896E+00
         0.8880000E+00	         0.4114779E+00
         0.8890000E+00	         0.4110666E+00
         0.8900000E+00	         0.4106557E+00
         0.8910000E+00	         0.4102453E+00
         0.8920000E+00	         0.4098352E+00
         0.8930000E+00	         0.4094256E+00
         0.8940000E+00	         0.4090164E+00
         0.8950000E+00	         0.4086076E+00
         0.8960000E+00	         0.4081992E+00
         0.8970000E+00	         0.4077912E+00
         0.8980000E+00	         0.4073836E+00
         0.8990000E+00	         0.4069764E+00
         0.9000000E+00	         0.4065697E+00
         0.9010000E+00	         0.4061633E+00
         0.9020000E+00	         0.4057573E+00
         0.9030000E+00	         0.4053518E+00
         0.9040000E+00	         0.4049466E+00
         0.9050000E+00	         0.4045419E+00
         0.9060000E+00	         0.4041376E+00
         0.9070000E+00	         0.4037336E+00
         0.9080000E+00	         0.4033301E+00
         0.9090000E+00	         0.4029269E+00
         0.9100000E+00	         0.4025242E+00
         0.9110000E+00	         0.4021219E+00
         0.9120000E+00	         0.4017200E+00
         0.9130000E+00	         0.4013184E+00
         0.9140000E+00	         0.4009173E+00
         0.9150000E+00	         0.4005166E+00
         0.9160000E+00	         0.4001163E+00
         0.9170000E+00	         0.3997164E+00
         0.9180000E+00	         0.3993168E+00
         0.9190000E+00	         0.3989177E+00
         0.9200000E+00	         0.3985190E+00
         0.9210000E+00	         0.3981207E+00
         0.9220000E+00	         0.3977228E+00
         0.9230000E+00	         0.3973252E+00
         0.9240000E+00	         0.3969281E+00
         0.9250000E+00	         0.3965314E+00
         0.9260000E+00	         0.3961351E+00
         0.9270000E+00	         0.3957391E+00
         0.9280000E+00	         0.3953436E+00
         0.9290000E+00	         0.3949485E+00
         0.9300000E+00	         0.3945537E+00
         0.9310000E+00	         0.3941593E+00
         0.9320000E+00	         0.3937654E+00
         0.9330000E+00	         0.3933718E+00
         0.9340000E+00	         0.3929786E+00
         0.9350000E+00	         0.3925858E+00
         0.9360000E+00	         0.3921935E+00
         0.9370000E+00	         0.3918015E+00
         0.9380000E+00	         0.3914099E+00
         0.9390000E+00	         0.3910186E+00
         0.9400000E+00	         0.3906278E+00
         0.9410000E+00	         0.3902374E+00
         0.9420000E+00	         0.3898473E+00
         0.9430000E+00	         0.3894577E+00
         0.9440000E+00	         0.3890684E+00
         0.9450000E+00	         0.3886796E+00
         0.9460000E+00	         0.3882911E+00
         0.9470000E+00	         0.3879030E+00
         0.9480000E+00	         0.3875152E+00
         0.9490000E+00	         0.3871279E+00
         0.9500000E+00	         0.3867410E+00
         0.9510000E+00	         0.3863545E+00
         0.9520000E+00	         0.3859683E+00
         0.9530000E+00	         0.3855825E+00
         0.9540000E+00	         0.3851971E+00
         0.9550000E+00	         0.3848121E+00
         0.9560000E+00	         0.3844275E+00
         0.9570000E+00	         0.3840433E+00
         0.9580000E+00	         0.3836594E+00
         0.9590000E+00	         0.3832760E+00
         0.9600000E+00	         0.3828929E+00
         0.9610000E+00	         0.3825102E+00
         0.9620000E+00	         0.3821279E+00
         0.9630000E+00	         0.3817459E+00
         0.9640000E+00	         0.3813643E+00
         0.9650000E+00	         0.3809832E+00
         0.9660000E+00	         0.3806024E+00
         0.9670000E+00	         0.3802220E+00
         0.9680000E+00	         0.3798420E+00
         0.9690000E+00	         0.3794623E+00
         0.9700000E+00	         0.3790830E+00
         0.9710000E+00	         0.3787041E+00
         0.9720000E+00	         0.3783256E+00
         0.9730000E+00	         0.3779475E+00
         0.9740000E+00	         0.3775697E+00
         0.9750000E+00	         0.3771923E+00
         0.9760000E+00	         0.3768153E+00
         0.9770000E+00	         0.3764387E+00
         0.9780000E+00	         0.3760625E+00
         0.9790000E+00	         0.3756866E+00
         0.9800000E+00	         0.3753111E+00
         0.9810000E+00	         0.3749360E+00
         0.9820000E+00	         0.3745612E+00
         0.9830000E+00	         0.3741868E+00
         0.9840000E+00	         0.3738129E+00
         0.9850000E+00	         0.3734392E+00
         0.9860000E+00	         0.3730659E+00
         0.9870000E+00	         0.3726931E+00
         0.9880000E+00	         0.3723206E+00
         0.9890000E+00	         0.3719485E+00
         0.9900000E+00	         0.3715767E+00
         0.9910000E+00	         0.3712053E+00
         0.9920000E+00	         0.3708343E+00
         0.9930000E+00	         0.3704636E+00
         0.9940000E+00	         0.3700933E+00
         0.9950000E+00	         0.3697234E+00
         0.9960000E+00	         0.3693539E+00
         0.9970000E+00	         0.3689847E+00
         0.9980000E+00	         0.3686159E+00
         0.9990000E+00	         0.3682475E+00
         0.1000000E+01	         0.3678795E+00
