         0.1000000E-03	         0.1000000E+01
         0.2000000E-03	         0.9999000E+00
         0.3000000E-03	         0.9999901E+00
         0.4000000E-03	         0.9996200E+00
         0.5000000E-03	         0.9989298E+00
         0.6000000E-03	         0.1000026E+01
         0.7000000E-03	         0.1000793E+01
         0.8000000E-03	         0.1000695E+01
         0.9000000E-03	         0.1000631E+01
         0.1000000E-02	         0.1000554E+01
         0.1100000E-02	         0.1000397E+01
         0.1200000E-02	         0.1000160E+01
         0.1300000E-02	         0.9990001E+00
         0.1400000E-02	         0.9976048E+00
         0.1500000E-02	         0.9989995E+00
         0.1600000E-02	         0.9989639E+00
         0.1700000E-02	         0.9996143E+00
         0.1800000E-02	         0.9999267E+00
         0.1900000E-02	         0.1000066E+01
         0.2000000E-02	         0.9998854E+00
         0.2100000E-02	         0.9994418E+00
         0.2200000E-02	         0.9998690E+00
         0.2300000E-02	         0.1000153E+01
         0.2400000E-02	         0.1000239E+01
         0.2500000E-02	         0.1000393E+01
         0.2600000E-02	         0.1000215E+01
         0.2700000E-02	         0.1000306E+01
         0.2800000E-02	         0.1000123E+01
         0.2900000E-02	         0.1000104E+01
         0.3000000E-02	         0.9999943E+00
         0.3100000E-02	         0.1000046E+01
         0.3200000E-02	         0.9999860E+00
         0.3300000E-02	         0.1000048E+01
         0.3400000E-02	         0.9990746E+00
         0.3500000E-02	         0.9998413E+00
         0.3600000E-02	         0.1001459E+01
         0.3700000E-02	         0.1001537E+01
         0.3800000E-02	         0.1001256E+01
         0.3900000E-02	         0.1000999E+01
         0.4000000E-02	         0.1000731E+01
         0.4100000E-02	         0.1000512E+01
         0.4200000E-02	         0.1000483E+01
         0.4300000E-02	         0.9999496E+00
         0.4400000E-02	         0.9996483E+00
         0.4500000E-02	         0.9986856E+00
         0.4600000E-02	         0.9989006E+00
         0.4700000E-02	         0.9990080E+00
         0.4800000E-02	         0.9982590E+00
         0.4900000E-02	         0.9975534E+00
         0.5000000E-02	         0.9983068E+00
         0.5100000E-02	         0.9989741E+00
         0.5200000E-02	         0.9984103E+00
         0.5300000E-02	         0.9986946E+00
         0.5400000E-02	         0.9989990E+00
         0.5500000E-02	         0.9995413E+00
         0.5600000E-02	         0.9987201E+00
         0.5700000E-02	         0.9980817E+00
         0.5800000E-02	         0.9984813E+00
         0.5900000E-02	         0.9981347E+00
         0.6000000E-02	         0.9970270E+00
         0.6100000E-02	         0.9959720E+00
         0.6200000E-02	         0.9949906E+00
         0.6300000E-02	         0.9918226E+00
         0.6400000E-02	         0.9922824E+00
         0.6500000E-02	         0.9923372E+00
         0.6600000E-02	         0.9963138E+00
         0.6700000E-02	         0.9990819E+00
         0.6800000E-02	         0.9989893E+00
         0.6900000E-02	         0.9981457E+00
         0.7000000E-02	         0.9968181E+00
         0.7100000E-02	         0.9962244E+00
         0.7200000E-02	         0.9940236E+00
         0.7300000E-02	         0.9927325E+00
         0.7400000E-02	         0.9934415E+00
         0.7500000E-02	         0.9931095E+00
         0.7600000E-02	         0.9941906E+00
         0.7700000E-02	         0.9903180E+00
         0.7800000E-02	         0.9919154E+00
         0.7900000E-02	         0.9936248E+00
         0.8000000E-02	         0.9934451E+00
         0.8100000E-02	         0.9943850E+00
         0.8200000E-02	         0.9955629E+00
         0.8300000E-02	         0.9963735E+00
         0.8400000E-02	         0.9954677E+00
         0.8500000E-02	         0.9978098E+00
         0.8600000E-02	         0.9968780E+00
         0.8700000E-02	         0.9961389E+00
         0.8800000E-02	         0.9976635E+00
         0.8900000E-02	         0.9985363E+00
         0.9000000E-02	         0.9982624E+00
         0.9100000E-02	         0.9985676E+00
         0.9200000E-02	         0.9993805E+00
         0.9300000E-02	         0.9984363E+00
         0.9400000E-02	         0.9989515E+00
         0.9500000E-02	         0.9996501E+00
         0.9600000E-02	         0.9991386E+00
         0.9700000E-02	         0.9991138E+00
         0.9800000E-02	         0.1000743E+01
         0.9900000E-02	         0.1000354E+01
         0.1000000E-01	         0.1000014E+01
         0.1010000E-01	         0.1000005E+01
         0.1020000E-01	         0.9990031E+00
         0.1030000E-01	         0.9989570E+00
         0.1040000E-01	         0.9993554E+00
         0.1050000E-01	         0.9981823E+00
         0.1060000E-01	         0.9972268E+00
         0.1070000E-01	         0.9957509E+00
         0.1080000E-01	         0.9961181E+00
         0.1090000E-01	         0.9961434E+00
         0.1100000E-01	         0.9943958E+00
         0.1110000E-01	         0.9918420E+00
         0.1120000E-01	         0.9925912E+00
         0.1130000E-01	         0.9914648E+00
         0.1140000E-01	         0.9921680E+00
         0.1150000E-01	         0.9921815E+00
         0.1160000E-01	         0.9946479E+00
         0.1170000E-01	         0.9947382E+00
         0.1180000E-01	         0.9962590E+00
         0.1190000E-01	         0.9973039E+00
         0.1200000E-01	         0.9959172E+00
         0.1210000E-01	         0.9951059E+00
         0.1220000E-01	         0.9901447E+00
         0.1230000E-01	         0.9918601E+00
         0.1240000E-01	         0.9922562E+00
         0.1250000E-01	         0.9918675E+00
         0.1260000E-01	         0.9888390E+00
         0.1270000E-01	         0.9944648E+00
         0.1280000E-01	         0.9955822E+00
         0.1290000E-01	         0.9970981E+00
         0.1300000E-01	         0.9968457E+00
         0.1310000E-01	         0.9977260E+00
         0.1320000E-01	         0.9973805E+00
         0.1330000E-01	         0.9967472E+00
         0.1340000E-01	         0.9967825E+00
         0.1350000E-01	         0.9955358E+00
         0.1360000E-01	         0.9964715E+00
         0.1370000E-01	         0.9961990E+00
         0.1380000E-01	         0.9967095E+00
         0.1390000E-01	         0.9975316E+00
         0.1400000E-01	         0.9967846E+00
         0.1410000E-01	         0.9976946E+00
         0.1420000E-01	         0.9959676E+00
         0.1430000E-01	         0.9994413E+00
         0.1440000E-01	         0.9999609E+00
         0.1450000E-01	         0.1000584E+01
         0.1460000E-01	         0.1001342E+01
         0.1470000E-01	         0.1000812E+01
         0.1480000E-01	         0.1001089E+01
         0.1490000E-01	         0.1001317E+01
         0.1500000E-01	         0.1000954E+01
         0.1510000E-01	         0.1000721E+01
         0.1520000E-01	         0.1000697E+01
         0.1530000E-01	         0.1000838E+01
         0.1540000E-01	         0.1000647E+01
         0.1550000E-01	         0.1001197E+01
         0.1560000E-01	         0.1000980E+01
         0.1570000E-01	         0.1001045E+01
         0.1580000E-01	         0.1000833E+01
         0.1590000E-01	         0.1000975E+01
         0.1600000E-01	         0.1001013E+01
         0.1610000E-01	         0.1000912E+01
         0.1620000E-01	         0.1000827E+01
         0.1630000E-01	         0.1000726E+01
         0.1640000E-01	         0.1000652E+01
         0.1650000E-01	         0.1000612E+01
         0.1660000E-01	         0.1000560E+01
         0.1670000E-01	         0.1000387E+01
         0.1680000E-01	         0.1000733E+01
         0.1690000E-01	         0.1000437E+01
         0.1700000E-01	         0.1000452E+01
         0.1710000E-01	         0.1001307E+01
         0.1720000E-01	         0.1001487E+01
         0.1730000E-01	         0.1001277E+01
         0.1740000E-01	         0.1000866E+01
         0.1750000E-01	         0.9995785E+00
         0.1760000E-01	         0.1001194E+01
         0.1770000E-01	         0.1000209E+01
         0.1780000E-01	         0.9989888E+00
         0.1790000E-01	         0.1000101E+01
         0.1800000E-01	         0.9998065E+00
         0.1810000E-01	         0.1002413E+01
         0.1820000E-01	         0.1002114E+01
         0.1830000E-01	         0.1002617E+01
         0.1840000E-01	         0.1002216E+01
         0.1850000E-01	         0.1001784E+01
         0.1860000E-01	         0.1001361E+01
         0.1870000E-01	         0.1000723E+01
         0.1880000E-01	         0.1000789E+01
         0.1890000E-01	         0.9996558E+00
         0.1900000E-01	         0.9979613E+00
         0.1910000E-01	         0.9981519E+00
         0.1920000E-01	         0.9987242E+00
         0.1930000E-01	         0.9966229E+00
         0.1940000E-01	         0.9966370E+00
         0.1950000E-01	         0.9950012E+00
         0.1960000E-01	         0.9964408E+00
         0.1970000E-01	         0.9935839E+00
         0.1980000E-01	         0.9939473E+00
         0.1990000E-01	         0.9931379E+00
         0.2000000E-01	         0.9929830E+00
         0.2010000E-01	         0.9942721E+00
         0.2020000E-01	         0.9921801E+00
         0.2030000E-01	         0.9926361E+00
         0.2040000E-01	         0.9962727E+00
         0.2050000E-01	         0.9970573E+00
         0.2060000E-01	         0.9964403E+00
         0.2070000E-01	         0.1000604E+01
         0.2080000E-01	         0.9990066E+00
         0.2090000E-01	         0.9978587E+00
         0.2100000E-01	         0.9998056E+00
         0.2110000E-01	         0.9975929E+00
         0.2120000E-01	         0.9972423E+00
         0.2130000E-01	         0.9965180E+00
         0.2140000E-01	         0.9966481E+00
         0.2150000E-01	         0.9973496E+00
         0.2160000E-01	         0.9970378E+00
         0.2170000E-01	         0.9980102E+00
         0.2180000E-01	         0.9963002E+00
         0.2190000E-01	         0.9964347E+00
         0.2200000E-01	         0.9967206E+00
         0.2210000E-01	         0.9951730E+00
         0.2220000E-01	         0.9955828E+00
         0.2230000E-01	         0.9958527E+00
         0.2240000E-01	         0.9967247E+00
         0.2250000E-01	         0.9981986E+00
         0.2260000E-01	         0.9988555E+00
         0.2270000E-01	         0.9988574E+00
         0.2280000E-01	         0.9990392E+00
         0.2290000E-01	         0.9989275E+00
         0.2300000E-01	         0.1001262E+01
         0.2310000E-01	         0.1001893E+01
         0.2320000E-01	         0.1002250E+01
         0.2330000E-01	         0.1002159E+01
         0.2340000E-01	         0.1001605E+01
         0.2350000E-01	         0.1002098E+01
         0.2360000E-01	         0.1002073E+01
         0.2370000E-01	         0.1001183E+01
         0.2380000E-01	         0.1000431E+01
         0.2390000E-01	         0.1000469E+01
         0.2400000E-01	         0.1001490E+01
         0.2410000E-01	         0.1001701E+01
         0.2420000E-01	         0.1001154E+01
         0.2430000E-01	         0.1001129E+01
         0.2440000E-01	         0.1000612E+01
         0.2450000E-01	         0.1000578E+01
         0.2460000E-01	         0.9999796E+00
         0.2470000E-01	         0.1000305E+01
         0.2480000E-01	         0.1001406E+01
         0.2490000E-01	         0.1002556E+01
         0.2500000E-01	         0.1002426E+01
         0.2510000E-01	         0.1002441E+01
         0.2520000E-01	         0.1002356E+01
         0.2530000E-01	         0.1002245E+01
         0.2540000E-01	         0.1001917E+01
         0.2550000E-01	         0.1002218E+01
         0.2560000E-01	         0.1002116E+01
         0.2570000E-01	         0.1002066E+01
         0.2580000E-01	         0.1001848E+01
         0.2590000E-01	         0.1001690E+01
         0.2600000E-01	         0.1001418E+01
         0.2610000E-01	         0.1000838E+01
         0.2620000E-01	         0.1001279E+01
         0.2630000E-01	         0.1000383E+01
         0.2640000E-01	         0.1001327E+01
         0.2650000E-01	         0.1000651E+01
         0.2660000E-01	         0.1000930E+01
         0.2670000E-01	         0.1001138E+01
         0.2680000E-01	         0.1000654E+01
         0.2690000E-01	         0.1001698E+01
         0.2700000E-01	         0.1001555E+01
         0.2710000E-01	         0.1001305E+01
         0.2720000E-01	         0.1001577E+01
         0.2730000E-01	         0.1002131E+01
         0.2740000E-01	         0.1001883E+01
         0.2750000E-01	         0.1001415E+01
         0.2760000E-01	         0.1000562E+01
         0.2770000E-01	         0.9989394E+00
         0.2780000E-01	         0.1000154E+01
         0.2790000E-01	         0.1000727E+01
         0.2800000E-01	         0.1000531E+01
         0.2810000E-01	         0.1001045E+01
         0.2820000E-01	         0.9998039E+00
         0.2830000E-01	         0.9995354E+00
         0.2840000E-01	         0.9996314E+00
         0.2850000E-01	         0.9988984E+00
         0.2860000E-01	         0.9989655E+00
         0.2870000E-01	         0.9994699E+00
         0.2880000E-01	         0.9980288E+00
         0.2890000E-01	         0.9982542E+00
         0.2900000E-01	         0.9972714E+00
         0.2910000E-01	         0.9984355E+00
         0.2920000E-01	         0.9987457E+00
         0.2930000E-01	         0.9989302E+00
         0.2940000E-01	         0.1000940E+01
         0.2950000E-01	         0.9997376E+00
         0.2960000E-01	         0.9993047E+00
         0.2970000E-01	         0.9978893E+00
         0.2980000E-01	         0.9966156E+00
         0.2990000E-01	         0.9970963E+00
         0.3000000E-01	         0.9952049E+00
         0.3010000E-01	         0.9969917E+00
         0.3020000E-01	         0.9952053E+00
         0.3030000E-01	         0.9971382E+00
         0.3040000E-01	         0.9966120E+00
         0.3050000E-01	         0.9953468E+00
         0.3060000E-01	         0.9925474E+00
         0.3070000E-01	         0.9914718E+00
         0.3080000E-01	         0.9891929E+00
         0.3090000E-01	         0.9860019E+00
         0.3100000E-01	         0.9828194E+00
         0.3110000E-01	         0.9791857E+00
         0.3120000E-01	         0.9769337E+00
         0.3130000E-01	         0.9800668E+00
         0.3140000E-01	         0.9768448E+00
         0.3150000E-01	         0.9751736E+00
         0.3160000E-01	         0.9781151E+00
         0.3170000E-01	         0.9763442E+00
         0.3180000E-01	         0.9773981E+00
         0.3190000E-01	         0.9832061E+00
         0.3200000E-01	         0.9839340E+00
         0.3210000E-01	         0.9830501E+00
         0.3220000E-01	         0.9844672E+00
         0.3230000E-01	         0.9819326E+00
         0.3240000E-01	         0.9829974E+00
         0.3250000E-01	         0.9853357E+00
         0.3260000E-01	         0.9816391E+00
         0.3270000E-01	         0.9792560E+00
         0.3280000E-01	         0.9802347E+00
         0.3290000E-01	         0.9780506E+00
         0.3300000E-01	         0.9803210E+00
         0.3310000E-01	         0.9860608E+00
         0.3320000E-01	         0.9847495E+00
         0.3330000E-01	         0.9861846E+00
         0.3340000E-01	         0.9873340E+00
         0.3350000E-01	         0.9901947E+00
         0.3360000E-01	         0.9894975E+00
         0.3370000E-01	         0.9893899E+00
         0.3380000E-01	         0.9897183E+00
         0.3390000E-01	         0.9897565E+00
         0.3400000E-01	         0.9878004E+00
         0.3410000E-01	         0.9924120E+00
         0.3420000E-01	         0.9918394E+00
         0.3430000E-01	         0.9906029E+00
         0.3440000E-01	         0.9928454E+00
         0.3450000E-01	         0.9924477E+00
         0.3460000E-01	         0.9918167E+00
         0.3470000E-01	         0.9912347E+00
         0.3480000E-01	         0.9923611E+00
         0.3490000E-01	         0.9909525E+00
         0.3500000E-01	         0.9894620E+00
         0.3510000E-01	         0.9891113E+00
         0.3520000E-01	         0.9900413E+00
         0.3530000E-01	         0.9881844E+00
         0.3540000E-01	         0.9862437E+00
         0.3550000E-01	         0.9868640E+00
         0.3560000E-01	         0.9892396E+00
         0.3570000E-01	         0.9918165E+00
         0.3580000E-01	         0.9923876E+00
         0.3590000E-01	         0.9897940E+00
         0.3600000E-01	         0.9937067E+00
         0.3610000E-01	         0.9957476E+00
         0.3620000E-01	         0.9969360E+00
         0.3630000E-01	         0.9965608E+00
         0.3640000E-01	         0.9975649E+00
         0.3650000E-01	         0.9972070E+00
         0.3660000E-01	         0.9961660E+00
         0.3670000E-01	         0.9975898E+00
         0.3680000E-01	         0.9984921E+00
         0.3690000E-01	         0.9982521E+00
         0.3700000E-01	         0.9985035E+00
         0.3710000E-01	         0.9992686E+00
         0.3720000E-01	         0.1000924E+01
         0.3730000E-01	         0.1000591E+01
         0.3740000E-01	         0.1001199E+01
         0.3750000E-01	         0.1001149E+01
         0.3760000E-01	         0.1000831E+01
         0.3770000E-01	         0.1001126E+01
         0.3780000E-01	         0.1001077E+01
         0.3790000E-01	         0.1000847E+01
         0.3800000E-01	         0.1000719E+01
         0.3810000E-01	         0.1000915E+01
         0.3820000E-01	         0.1000287E+01
         0.3830000E-01	         0.1000265E+01
         0.3840000E-01	         0.1001290E+01
         0.3850000E-01	         0.1001021E+01
         0.3860000E-01	         0.1001437E+01
         0.3870000E-01	         0.1000820E+01
         0.3880000E-01	         0.1001456E+01
         0.3890000E-01	         0.1001666E+01
         0.3900000E-01	         0.1001913E+01
         0.3910000E-01	         0.1001799E+01
         0.3920000E-01	         0.1001941E+01
         0.3930000E-01	         0.1001772E+01
         0.3940000E-01	         0.1001474E+01
         0.3950000E-01	         0.1001586E+01
         0.3960000E-01	         0.1001967E+01
         0.3970000E-01	         0.1001853E+01
         0.3980000E-01	         0.1001648E+01
         0.3990000E-01	         0.1001835E+01
         0.4000000E-01	         0.1001664E+01
         0.4010000E-01	         0.1001388E+01
         0.4020000E-01	         0.1001583E+01
         0.4030000E-01	         0.1001599E+01
         0.4040000E-01	         0.1001407E+01
         0.4050000E-01	         0.1001318E+01
         0.4060000E-01	         0.1001178E+01
         0.4070000E-01	         0.1001359E+01
         0.4080000E-01	         0.1001237E+01
         0.4090000E-01	         0.1001312E+01
         0.4100000E-01	         0.1001264E+01
         0.4110000E-01	         0.1001264E+01
         0.4120000E-01	         0.1001135E+01
         0.4130000E-01	         0.1000828E+01
         0.4140000E-01	         0.1000829E+01
         0.4150000E-01	         0.1000303E+01
         0.4160000E-01	         0.1000006E+01
         0.4170000E-01	         0.1001187E+01
         0.4180000E-01	         0.1000685E+01
         0.4190000E-01	         0.1000926E+01
         0.4200000E-01	         0.1000466E+01
         0.4210000E-01	         0.1000583E+01
         0.4220000E-01	         0.1000772E+01
         0.4230000E-01	         0.1000229E+01
         0.4240000E-01	         0.9997487E+00
         0.4250000E-01	         0.9994710E+00
         0.4260000E-01	         0.9986055E+00
         0.4270000E-01	         0.9980695E+00
         0.4280000E-01	         0.9991785E+00
         0.4290000E-01	         0.1000590E+01
         0.4300000E-01	         0.1001371E+01
         0.4310000E-01	         0.1001428E+01
         0.4320000E-01	         0.1001356E+01
         0.4330000E-01	         0.1001437E+01
         0.4340000E-01	         0.1001416E+01
         0.4350000E-01	         0.1000896E+01
         0.4360000E-01	         0.9998589E+00
         0.4370000E-01	         0.1000009E+01
         0.4380000E-01	         0.1000713E+01
         0.4390000E-01	         0.1001036E+01
         0.4400000E-01	         0.1000688E+01
         0.4410000E-01	         0.9999601E+00
         0.4420000E-01	         0.1000246E+01
         0.4430000E-01	         0.9998672E+00
         0.4440000E-01	         0.1000078E+01
         0.4450000E-01	         0.1000032E+01
         0.4460000E-01	         0.9994390E+00
         0.4470000E-01	         0.9998253E+00
         0.4480000E-01	         0.9988623E+00
         0.4490000E-01	         0.1001248E+01
         0.4500000E-01	         0.1001815E+01
         0.4510000E-01	         0.1001645E+01
         0.4520000E-01	         0.1001617E+01
         0.4530000E-01	         0.1001469E+01
         0.4540000E-01	         0.1001228E+01
         0.4550000E-01	         0.1000998E+01
         0.4560000E-01	         0.1000547E+01
         0.4570000E-01	         0.1000325E+01
         0.4580000E-01	         0.1001123E+01
         0.4590000E-01	         0.1000980E+01
         0.4600000E-01	         0.1000871E+01
         0.4610000E-01	         0.1000312E+01
         0.4620000E-01	         0.9998669E+00
         0.4630000E-01	         0.1000953E+01
         0.4640000E-01	         0.1000743E+01
         0.4650000E-01	         0.1001028E+01
         0.4660000E-01	         0.1001289E+01
         0.4670000E-01	         0.1001261E+01
         0.4680000E-01	         0.1001135E+01
         0.4690000E-01	         0.1001055E+01
         0.4700000E-01	         0.1001253E+01
         0.4710000E-01	         0.1001146E+01
         0.4720000E-01	         0.1001172E+01
         0.4730000E-01	         0.1001310E+01
         0.4740000E-01	         0.1001337E+01
         0.4750000E-01	         0.1001327E+01
         0.4760000E-01	         0.1001279E+01
         0.4770000E-01	         0.1001221E+01
         0.4780000E-01	         0.1001077E+01
         0.4790000E-01	         0.1001093E+01
         0.4800000E-01	         0.1001113E+01
         0.4810000E-01	         0.1001792E+01
         0.4820000E-01	         0.1001457E+01
         0.4830000E-01	         0.1001598E+01
         0.4840000E-01	         0.1001703E+01
         0.4850000E-01	         0.1001860E+01
         0.4860000E-01	         0.1001759E+01
         0.4870000E-01	         0.1001559E+01
         0.4880000E-01	         0.1001536E+01
         0.4890000E-01	         0.1001768E+01
         0.4900000E-01	         0.1001570E+01
         0.4910000E-01	         0.1000880E+01
         0.4920000E-01	         0.9996570E+00
         0.4930000E-01	         0.9979913E+00
         0.4940000E-01	         0.9978903E+00
         0.4950000E-01	         0.9958037E+00
         0.4960000E-01	         0.9965645E+00
         0.4970000E-01	         0.9955481E+00
         0.4980000E-01	         0.9968546E+00
         0.4990000E-01	         0.9930414E+00
         0.5000000E-01	         0.9929683E+00
         0.5010000E-01	         0.9918561E+00
         0.5020000E-01	         0.9925680E+00
         0.5030000E-01	         0.9907931E+00
         0.5040000E-01	         0.9869442E+00
         0.5050000E-01	         0.9870501E+00
         0.5060000E-01	         0.9884769E+00
         0.5070000E-01	         0.9821986E+00
         0.5080000E-01	         0.9753097E+00
         0.5090000E-01	         0.9733641E+00
         0.5100000E-01	         0.9785204E+00
         0.5110000E-01	         0.9816190E+00
         0.5120000E-01	         0.9825428E+00
         0.5130000E-01	         0.9841799E+00
         0.5140000E-01	         0.9808518E+00
         0.5150000E-01	         0.9800989E+00
         0.5160000E-01	         0.9767366E+00
         0.5170000E-01	         0.9757612E+00
         0.5180000E-01	         0.9739005E+00
         0.5190000E-01	         0.9659856E+00
         0.5200000E-01	         0.9698109E+00
         0.5210000E-01	         0.9685228E+00
         0.5220000E-01	         0.9683956E+00
         0.5230000E-01	         0.9733683E+00
         0.5240000E-01	         0.9758434E+00
         0.5250000E-01	         0.9752158E+00
         0.5260000E-01	         0.9809768E+00
         0.5270000E-01	         0.9834529E+00
         0.5280000E-01	         0.9848976E+00
         0.5290000E-01	         0.9841590E+00
         0.5300000E-01	         0.9844364E+00
         0.5310000E-01	         0.9828821E+00
         0.5320000E-01	         0.9837960E+00
         0.5330000E-01	         0.9801035E+00
         0.5340000E-01	         0.9798877E+00
         0.5350000E-01	         0.9787849E+00
         0.5360000E-01	         0.9768091E+00
         0.5370000E-01	         0.9806222E+00
         0.5380000E-01	         0.9850878E+00
         0.5390000E-01	         0.9873743E+00
         0.5400000E-01	         0.9831913E+00
         0.5410000E-01	         0.9839248E+00
         0.5420000E-01	         0.9837942E+00
         0.5430000E-01	         0.9848051E+00
         0.5440000E-01	         0.9852800E+00
         0.5450000E-01	         0.9866332E+00
         0.5460000E-01	         0.9906792E+00
         0.5470000E-01	         0.9915013E+00
         0.5480000E-01	         0.9913391E+00
         0.5490000E-01	         0.9929531E+00
         0.5500000E-01	         0.9915808E+00
         0.5510000E-01	         0.9911071E+00
         0.5520000E-01	         0.9927929E+00
         0.5530000E-01	         0.9972597E+00
         0.5540000E-01	         0.9947556E+00
         0.5550000E-01	         0.9947345E+00
         0.5560000E-01	         0.9932443E+00
         0.5570000E-01	         0.9943162E+00
         0.5580000E-01	         0.9963654E+00
         0.5590000E-01	         0.9987601E+00
         0.5600000E-01	         0.9989508E+00
         0.5610000E-01	         0.9986265E+00
         0.5620000E-01	         0.9974036E+00
         0.5630000E-01	         0.9948910E+00
         0.5640000E-01	         0.9957936E+00
         0.5650000E-01	         0.9954054E+00
         0.5660000E-01	         0.9953913E+00
         0.5670000E-01	         0.9975941E+00
         0.5680000E-01	         0.9973733E+00
         0.5690000E-01	         0.9963659E+00
         0.5700000E-01	         0.9949066E+00
         0.5710000E-01	         0.9935761E+00
         0.5720000E-01	         0.9917722E+00
         0.5730000E-01	         0.9922669E+00
         0.5740000E-01	         0.9902196E+00
         0.5750000E-01	         0.9916587E+00
         0.5760000E-01	         0.9906427E+00
         0.5770000E-01	         0.9920832E+00
         0.5780000E-01	         0.9941879E+00
         0.5790000E-01	         0.9941380E+00
         0.5800000E-01	         0.9969814E+00
         0.5810000E-01	         0.9983889E+00
         0.5820000E-01	         0.9978634E+00
         0.5830000E-01	         0.9994686E+00
         0.5840000E-01	         0.9986846E+00
         0.5850000E-01	         0.9963170E+00
         0.5860000E-01	         0.9934741E+00
         0.5870000E-01	         0.9923209E+00
         0.5880000E-01	         0.9922119E+00
         0.5890000E-01	         0.9948951E+00
         0.5900000E-01	         0.9942096E+00
         0.5910000E-01	         0.9919628E+00
         0.5920000E-01	         0.9907539E+00
         0.5930000E-01	         0.9883621E+00
         0.5940000E-01	         0.9897078E+00
         0.5950000E-01	         0.9885286E+00
         0.5960000E-01	         0.9917949E+00
         0.5970000E-01	         0.9941464E+00
         0.5980000E-01	         0.9934563E+00
         0.5990000E-01	         0.9945012E+00
         0.6000000E-01	         0.9941120E+00
         0.6010000E-01	         0.9933262E+00
         0.6020000E-01	         0.9918845E+00
         0.6030000E-01	         0.9930766E+00
         0.6040000E-01	         0.9944718E+00
         0.6050000E-01	         0.9963405E+00
         0.6060000E-01	         0.9966690E+00
         0.6070000E-01	         0.9955417E+00
         0.6080000E-01	         0.9969868E+00
         0.6090000E-01	         0.9957267E+00
         0.6100000E-01	         0.9921230E+00
         0.6110000E-01	         0.9923181E+00
         0.6120000E-01	         0.9976268E+00
         0.6130000E-01	         0.9980106E+00
         0.6140000E-01	         0.9946864E+00
         0.6150000E-01	         0.9915002E+00
         0.6160000E-01	         0.9886777E+00
         0.6170000E-01	         0.9886400E+00
         0.6180000E-01	         0.9869158E+00
         0.6190000E-01	         0.9869262E+00
         0.6200000E-01	         0.9875071E+00
         0.6210000E-01	         0.9887562E+00
         0.6220000E-01	         0.9869547E+00
         0.6230000E-01	         0.9854744E+00
         0.6240000E-01	         0.9873497E+00
         0.6250000E-01	         0.9888582E+00
         0.6260000E-01	         0.9897852E+00
         0.6270000E-01	         0.9933123E+00
         0.6280000E-01	         0.9921684E+00
         0.6290000E-01	         0.9931582E+00
         0.6300000E-01	         0.9922151E+00
         0.6310000E-01	         0.9966812E+00
         0.6320000E-01	         0.1000079E+01
         0.6330000E-01	         0.1000417E+01
         0.6340000E-01	         0.1000271E+01
         0.6350000E-01	         0.9996875E+00
         0.6360000E-01	         0.9999089E+00
         0.6370000E-01	         0.9991215E+00
         0.6380000E-01	         0.9984964E+00
         0.6390000E-01	         0.9986335E+00
         0.6400000E-01	         0.9991291E+00
         0.6410000E-01	         0.9998487E+00
         0.6420000E-01	         0.1000402E+01
         0.6430000E-01	         0.1000353E+01
         0.6440000E-01	         0.1000925E+01
         0.6450000E-01	         0.1000465E+01
         0.6460000E-01	         0.1000521E+01
         0.6470000E-01	         0.9995646E+00
         0.6480000E-01	         0.9997307E+00
         0.6490000E-01	         0.9995019E+00
         0.6500000E-01	         0.9980509E+00
         0.6510000E-01	         0.9996842E+00
         0.6520000E-01	         0.9999217E+00
         0.6530000E-01	         0.9985440E+00
         0.6540000E-01	         0.9976255E+00
         0.6550000E-01	         0.9988589E+00
         0.6560000E-01	         0.9965510E+00
         0.6570000E-01	         0.9976442E+00
         0.6580000E-01	         0.9969957E+00
         0.6590000E-01	         0.9965073E+00
         0.6600000E-01	         0.9947580E+00
         0.6610000E-01	         0.9921424E+00
         0.6620000E-01	         0.9907028E+00
         0.6630000E-01	         0.9917454E+00
         0.6640000E-01	         0.9941842E+00
         0.6650000E-01	         0.9931245E+00
         0.6660000E-01	         0.9901816E+00
         0.6670000E-01	         0.9916978E+00
         0.6680000E-01	         0.9920769E+00
         0.6690000E-01	         0.9906055E+00
         0.6700000E-01	         0.9888618E+00
         0.6710000E-01	         0.9926200E+00
         0.6720000E-01	         0.9935975E+00
         0.6730000E-01	         0.9926282E+00
         0.6740000E-01	         0.9918480E+00
         0.6750000E-01	         0.9900944E+00
         0.6760000E-01	         0.9881426E+00
         0.6770000E-01	         0.9899530E+00
         0.6780000E-01	         0.9921991E+00
         0.6790000E-01	         0.9935378E+00
         0.6800000E-01	         0.9955753E+00
         0.6810000E-01	         0.9962673E+00
         0.6820000E-01	         0.9951680E+00
         0.6830000E-01	         0.9949653E+00
         0.6840000E-01	         0.9960644E+00
         0.6850000E-01	         0.9972463E+00
         0.6860000E-01	         0.9982725E+00
         0.6870000E-01	         0.9975308E+00
         0.6880000E-01	         0.9966374E+00
         0.6890000E-01	         0.9960608E+00
         0.6900000E-01	         0.9985409E+00
         0.6910000E-01	         0.9994768E+00
         0.6920000E-01	         0.9994698E+00
         0.6930000E-01	         0.9986785E+00
         0.6940000E-01	         0.9965324E+00
         0.6950000E-01	         0.9946222E+00
         0.6960000E-01	         0.9915810E+00
         0.6970000E-01	         0.9857451E+00
         0.6980000E-01	         0.9802243E+00
         0.6990000E-01	         0.9815421E+00
         0.7000000E-01	         0.9821863E+00
         0.7010000E-01	         0.9809881E+00
         0.7020000E-01	         0.9825983E+00
         0.7030000E-01	         0.9810957E+00
         0.7040000E-01	         0.9820322E+00
         0.7050000E-01	         0.9767878E+00
         0.7060000E-01	         0.9740597E+00
         0.7070000E-01	         0.9745891E+00
         0.7080000E-01	         0.9711020E+00
         0.7090000E-01	         0.9688394E+00
         0.7100000E-01	         0.9693211E+00
         0.7110000E-01	         0.9691109E+00
         0.7120000E-01	         0.9712160E+00
         0.7130000E-01	         0.9709872E+00
         0.7140000E-01	         0.9722657E+00
         0.7150000E-01	         0.9707539E+00
         0.7160000E-01	         0.9681702E+00
         0.7170000E-01	         0.9664529E+00
         0.7180000E-01	         0.9636631E+00
         0.7190000E-01	         0.9637207E+00
         0.7200000E-01	         0.9661859E+00
         0.7210000E-01	         0.9670960E+00
         0.7220000E-01	         0.9693353E+00
         0.7230000E-01	         0.9741305E+00
         0.7240000E-01	         0.9798598E+00
         0.7250000E-01	         0.9840786E+00
         0.7260000E-01	         0.9850413E+00
         0.7270000E-01	         0.9811668E+00
         0.7280000E-01	         0.9871802E+00
         0.7290000E-01	         0.9883560E+00
         0.7300000E-01	         0.9915854E+00
         0.7310000E-01	         0.9934161E+00
         0.7320000E-01	         0.9940286E+00
         0.7330000E-01	         0.9925550E+00
         0.7340000E-01	         0.9891929E+00
         0.7350000E-01	         0.9863871E+00
         0.7360000E-01	         0.9844638E+00
         0.7370000E-01	         0.9888380E+00
         0.7380000E-01	         0.9911029E+00
         0.7390000E-01	         0.9928956E+00
         0.7400000E-01	         0.9923008E+00
         0.7410000E-01	         0.9915917E+00
         0.7420000E-01	         0.9922849E+00
         0.7430000E-01	         0.9949800E+00
         0.7440000E-01	         0.9974497E+00
         0.7450000E-01	         0.9994196E+00
         0.7460000E-01	         0.9975544E+00
         0.7470000E-01	         0.9974278E+00
         0.7480000E-01	         0.9997951E+00
         0.7490000E-01	         0.1000570E+01
         0.7500000E-01	         0.1002837E+01
         0.7510000E-01	         0.1002922E+01
         0.7520000E-01	         0.1002985E+01
         0.7530000E-01	         0.1003016E+01
         0.7540000E-01	         0.1002822E+01
         0.7550000E-01	         0.1002615E+01
         0.7560000E-01	         0.1002750E+01
         0.7570000E-01	         0.1002412E+01
         0.7580000E-01	         0.1001828E+01
         0.7590000E-01	         0.1001586E+01
         0.7600000E-01	         0.1001387E+01
         0.7610000E-01	         0.1000016E+01
         0.7620000E-01	         0.9995411E+00
         0.7630000E-01	         0.1000133E+01
         0.7640000E-01	         0.9997541E+00
         0.7650000E-01	         0.9988027E+00
         0.7660000E-01	         0.9981566E+00
         0.7670000E-01	         0.9979815E+00
         0.7680000E-01	         0.9977054E+00
         0.7690000E-01	         0.9994269E+00
         0.7700000E-01	         0.9970511E+00
         0.7710000E-01	         0.9935927E+00
         0.7720000E-01	         0.9943535E+00
         0.7730000E-01	         0.9974002E+00
         0.7740000E-01	         0.9971323E+00
         0.7750000E-01	         0.9954703E+00
         0.7760000E-01	         0.9960186E+00
         0.7770000E-01	         0.9980676E+00
         0.7780000E-01	         0.1001486E+01
         0.7790000E-01	         0.1001903E+01
         0.7800000E-01	         0.1003033E+01
         0.7810000E-01	         0.1003204E+01
         0.7820000E-01	         0.1002586E+01
         0.7830000E-01	         0.1002893E+01
         0.7840000E-01	         0.1003052E+01
         0.7850000E-01	         0.1003061E+01
         0.7860000E-01	         0.1002535E+01
         0.7870000E-01	         0.1002578E+01
         0.7880000E-01	         0.1002089E+01
         0.7890000E-01	         0.1002883E+01
         0.7900000E-01	         0.1003383E+01
         0.7910000E-01	         0.1003548E+01
         0.7920000E-01	         0.1003389E+01
         0.7930000E-01	         0.1003470E+01
         0.7940000E-01	         0.1003466E+01
         0.7950000E-01	         0.1003421E+01
         0.7960000E-01	         0.1003560E+01
         0.7970000E-01	         0.1003528E+01
         0.7980000E-01	         0.1003417E+01
         0.7990000E-01	         0.1003251E+01
         0.8000000E-01	         0.1003075E+01
         0.8010000E-01	         0.1002619E+01
         0.8020000E-01	         0.1002696E+01
         0.8030000E-01	         0.1002517E+01
         0.8040000E-01	         0.1002733E+01
         0.8050000E-01	         0.1002466E+01
         0.8060000E-01	         0.1003121E+01
         0.8070000E-01	         0.1002805E+01
         0.8080000E-01	         0.1003105E+01
         0.8090000E-01	         0.1003036E+01
         0.8100000E-01	         0.1002863E+01
         0.8110000E-01	         0.1002256E+01
         0.8120000E-01	         0.1002186E+01
         0.8130000E-01	         0.1001595E+01
         0.8140000E-01	         0.1001841E+01
         0.8150000E-01	         0.1001405E+01
         0.8160000E-01	         0.1000938E+01
         0.8170000E-01	         0.1000399E+01
         0.8180000E-01	         0.9999392E+00
         0.8190000E-01	         0.9999220E+00
         0.8200000E-01	         0.9995862E+00
         0.8210000E-01	         0.9993266E+00
         0.8220000E-01	         0.9988442E+00
         0.8230000E-01	         0.9992777E+00
         0.8240000E-01	         0.1001534E+01
         0.8250000E-01	         0.1000613E+01
         0.8260000E-01	         0.9992626E+00
         0.8270000E-01	         0.9988757E+00
         0.8280000E-01	         0.9996242E+00
         0.8290000E-01	         0.9989741E+00
         0.8300000E-01	         0.9984398E+00
         0.8310000E-01	         0.9954910E+00
         0.8320000E-01	         0.9932949E+00
         0.8330000E-01	         0.9934507E+00
         0.8340000E-01	         0.9952850E+00
         0.8350000E-01	         0.9949759E+00
         0.8360000E-01	         0.9929201E+00
         0.8370000E-01	         0.9954522E+00
         0.8380000E-01	         0.9960149E+00
         0.8390000E-01	         0.9964169E+00
         0.8400000E-01	         0.9953095E+00
         0.8410000E-01	         0.9939013E+00
         0.8420000E-01	         0.9933304E+00
         0.8430000E-01	         0.9918521E+00
         0.8440000E-01	         0.9908871E+00
         0.8450000E-01	         0.9901913E+00
         0.8460000E-01	         0.9891583E+00
         0.8470000E-01	         0.9883432E+00
         0.8480000E-01	         0.9876277E+00
         0.8490000E-01	         0.9867575E+00
         0.8500000E-01	         0.9855731E+00
         0.8510000E-01	         0.9824359E+00
         0.8520000E-01	         0.9811198E+00
         0.8530000E-01	         0.9784753E+00
         0.8540000E-01	         0.9786414E+00
         0.8550000E-01	         0.9758052E+00
         0.8560000E-01	         0.9739811E+00
         0.8570000E-01	         0.9800780E+00
         0.8580000E-01	         0.9797743E+00
         0.8590000E-01	         0.9777008E+00
         0.8600000E-01	         0.9794661E+00
         0.8610000E-01	         0.9857472E+00
         0.8620000E-01	         0.9855300E+00
         0.8630000E-01	         0.9870627E+00
         0.8640000E-01	         0.9872403E+00
         0.8650000E-01	         0.9883710E+00
         0.8660000E-01	         0.9901193E+00
         0.8670000E-01	         0.9894512E+00
         0.8680000E-01	         0.9923958E+00
         0.8690000E-01	         0.9935254E+00
         0.8700000E-01	         0.9986526E+00
         0.8710000E-01	         0.9978805E+00
         0.8720000E-01	         0.9984462E+00
         0.8730000E-01	         0.9982197E+00
         0.8740000E-01	         0.9984669E+00
         0.8750000E-01	         0.9973185E+00
         0.8760000E-01	         0.9968911E+00
         0.8770000E-01	         0.9976531E+00
         0.8780000E-01	         0.9990948E+00
         0.8790000E-01	         0.9994094E+00
         0.8800000E-01	         0.1000274E+01
         0.8810000E-01	         0.9992356E+00
         0.8820000E-01	         0.9990281E+00
         0.8830000E-01	         0.9997753E+00
         0.8840000E-01	         0.1000424E+01
         0.8850000E-01	         0.9997471E+00
         0.8860000E-01	         0.9995738E+00
         0.8870000E-01	         0.9993362E+00
         0.8880000E-01	         0.9987112E+00
         0.8890000E-01	         0.1000052E+01
         0.8900000E-01	         0.9996308E+00
         0.8910000E-01	         0.9996544E+00
         0.8920000E-01	         0.9986296E+00
         0.8930000E-01	         0.9988876E+00
         0.8940000E-01	         0.9990938E+00
         0.8950000E-01	         0.9993513E+00
         0.8960000E-01	         0.9996221E+00
         0.8970000E-01	         0.9994808E+00
         0.8980000E-01	         0.9980808E+00
         0.8990000E-01	         0.9977115E+00
         0.9000000E-01	         0.9988288E+00
         0.9010000E-01	         0.9985656E+00
         0.9020000E-01	         0.9986503E+00
         0.9030000E-01	         0.9994904E+00
         0.9040000E-01	         0.9991571E+00
         0.9050000E-01	         0.9994771E+00
         0.9060000E-01	         0.9985478E+00
         0.9070000E-01	         0.9981685E+00
         0.9080000E-01	         0.9982733E+00
         0.9090000E-01	         0.9989783E+00
         0.9100000E-01	         0.9991251E+00
         0.9110000E-01	         0.9990692E+00
         0.9120000E-01	         0.1000070E+01
         0.9130000E-01	         0.9994722E+00
         0.9140000E-01	         0.9994581E+00
         0.9150000E-01	         0.9997736E+00
         0.9160000E-01	         0.1000211E+01
         0.9170000E-01	         0.9999523E+00
         0.9180000E-01	         0.9995584E+00
         0.9190000E-01	         0.9996475E+00
         0.9200000E-01	         0.9996881E+00
         0.9210000E-01	         0.9995079E+00
         0.9220000E-01	         0.9991984E+00
         0.9230000E-01	         0.9995029E+00
         0.9240000E-01	         0.9990314E+00
         0.9250000E-01	         0.9998120E+00
         0.9260000E-01	         0.9994294E+00
         0.9270000E-01	         0.9998966E+00
         0.9280000E-01	         0.9994328E+00
         0.9290000E-01	         0.9998796E+00
         0.9300000E-01	         0.9993704E+00
         0.9310000E-01	         0.9984432E+00
         0.9320000E-01	         0.9990028E+00
         0.9330000E-01	         0.9978884E+00
         0.9340000E-01	         0.9985218E+00
         0.9350000E-01	         0.9971018E+00
         0.9360000E-01	         0.9969636E+00
         0.9370000E-01	         0.9947360E+00
         0.9380000E-01	         0.9947218E+00
         0.9390000E-01	         0.9955213E+00
         0.9400000E-01	         0.9973649E+00
         0.9410000E-01	         0.9966704E+00
         0.9420000E-01	         0.9958888E+00
         0.9430000E-01	         0.9933220E+00
         0.9440000E-01	         0.9938281E+00
         0.9450000E-01	         0.9938115E+00
         0.9460000E-01	         0.9911564E+00
         0.9470000E-01	         0.9936255E+00
         0.9480000E-01	         0.9922498E+00
         0.9490000E-01	         0.9948592E+00
         0.9500000E-01	         0.9917754E+00
         0.9510000E-01	         0.9909197E+00
         0.9520000E-01	         0.9914324E+00
         0.9530000E-01	         0.9934492E+00
         0.9540000E-01	         0.9915725E+00
         0.9550000E-01	         0.9917779E+00
         0.9560000E-01	         0.9902893E+00
         0.9570000E-01	         0.9910547E+00
         0.9580000E-01	         0.9923973E+00
         0.9590000E-01	         0.9900458E+00
         0.9600000E-01	         0.9898644E+00
         0.9610000E-01	         0.9931756E+00
         0.9620000E-01	         0.9964519E+00
         0.9630000E-01	         0.9962420E+00
         0.9640000E-01	         0.9965772E+00
         0.9650000E-01	         0.9980042E+00
         0.9660000E-01	         0.9984501E+00
         0.9670000E-01	         0.9987106E+00
         0.9680000E-01	         0.9994345E+00
         0.9690000E-01	         0.9999011E+00
         0.9700000E-01	         0.1000479E+01
         0.9710000E-01	         0.1000286E+01
         0.9720000E-01	         0.1000623E+01
         0.9730000E-01	         0.1000482E+01
         0.9740000E-01	         0.1000323E+01
         0.9750000E-01	         0.1000287E+01
         0.9760000E-01	         0.1000612E+01
         0.9770000E-01	         0.1000635E+01
         0.9780000E-01	         0.1000477E+01
         0.9790000E-01	         0.1000185E+01
         0.9800000E-01	         0.1000180E+01
         0.9810000E-01	         0.9997611E+00
         0.9820000E-01	         0.9991185E+00
         0.9830000E-01	         0.9993367E+00
         0.9840000E-01	         0.9986498E+00
         0.9850000E-01	         0.9987912E+00
         0.9860000E-01	         0.9981192E+00
         0.9870000E-01	         0.9975298E+00
         0.9880000E-01	         0.9978044E+00
         0.9890000E-01	         0.9972251E+00
         0.9900000E-01	         0.9990624E+00
         0.9910000E-01	         0.9988388E+00
         0.9920000E-01	         0.9979588E+00
         0.9930000E-01	         0.9985229E+00
         0.9940000E-01	         0.9983606E+00
         0.9950000E-01	         0.9967141E+00
         0.9960000E-01	         0.9966563E+00
         0.9970000E-01	         0.9973865E+00
         0.9980000E-01	         0.9965277E+00
         0.9990000E-01	         0.9953859E+00
         0.1000000E+00	         0.9950287E+00
