0.2 0.1 0.0
0.2 0.2 0.0
0.2 0.3 0.0
0.2 0.4 3.82393267645e-08
0.2 0.5 0.0
0.2 0.6 0.0
0.2 0.7 0.0
0.2 0.8 0.0
0.2 0.9 0.0
0.2 1.0 3.09781594823e-06
0.4 0.1 0.0
0.4 0.2 7.75813173353e-08
0.4 0.3 3.20377245576e-07
0.4 0.4 3.2366646992e-06
0.4 0.5 0.0
0.4 0.6 0.0
0.4 0.7 5.43450684003e-06
0.4 0.8 0.0
0.4 0.9 0.0
0.4 1.0 0.0
0.6 0.1 4.27275245565e-06
0.6 0.2 9.32718435707e-05
0.6 0.3 0.00132672670164
0.6 0.4 0.0015452944747
0.6 0.5 0.00129520157215
0.6 0.6 0.000376995741389
0.6 0.7 0.0
0.6 0.8 0.0
0.6 0.9 0.000453535607631
0.6 1.0 0.00198944811256
0.8 0.1 0.0
0.8 0.2 0.000753018794108
0.8 0.3 0.0
0.8 0.4 4.17095380592e-07
0.8 0.5 0.0
0.8 0.6 6.8359886566e-05
0.8 0.7 0.0
0.8 0.8 0.0
0.8 0.9 0.000712979596309
0.8 1.0 0.0
1.0 0.1 4.00988980661e-05
1.0 0.2 0.000121979046952
1.0 0.3 0.000124167489425
1.0 0.4 1.59278260063e-05
1.0 0.5 1.67006286738e-06
1.0 0.6 0.0
1.0 0.7 5.86884732223e-09
1.0 0.8 0.0
1.0 0.9 1.3530324743e-05
1.0 1.0 6.99106462028e-06
1.2 0.1 6.58658254988e-06
1.2 0.2 0.000304281658276
1.2 0.3 9.74084121376e-06
1.2 0.4 5.4161237832e-08
1.2 0.5 2.15165283477e-05
1.2 0.6 5.41888302511e-05
1.2 0.7 4.91095369084e-05
1.2 0.8 0.0
1.2 0.9 1.64992383478e-05
1.2 1.0 5.91309489192e-05
1.4 0.1 2.4794274689e-05
1.4 0.2 0.00022037994935
1.4 0.3 4.18089250693e-05
1.4 0.4 0.0
1.4 0.5 3.17887533269e-06
1.4 0.6 7.22357780352e-06
1.4 0.7 0.0
1.4 0.8 0.0
1.4 0.9 8.2078996346e-07
1.4 1.0 7.77013539002e-06
1.6 0.1 2.1848557823e-07
1.6 0.2 1.34247430048e-05
1.6 0.3 6.40544415919e-05
1.6 0.4 0.0
1.6 0.5 0.0
1.6 0.6 0.0
1.6 0.7 5.40566674988e-06
1.6 0.8 0.000339692675392
1.6 0.9 0.00141940088273
1.6 1.0 1.95184623482e-05
1.8 0.1 1.87988797132e-06
1.8 0.2 2.76357145659e-07
1.8 0.3 0.00821477686658
1.8 0.4 0.00687822442587
1.8 0.5 0.0162261965579
1.8 0.6 0.00812249487996
1.8 0.7 0.00139647846304
1.8 0.8 0.000963262264136
1.8 0.9 0.00281736705924
1.8 1.0 0.000108035148502
2.0 0.1 0.0
2.0 0.2 0.000288873955179
2.0 0.3 0.0309982817252
2.0 0.4 0.0115394883734
2.0 0.5 0.0132217924609
2.0 0.6 0.0416186143932
2.0 0.7 0.0364614893856
2.0 0.8 0.0245059286516
2.0 0.9 0.00530601503385
2.0 1.0 0.000225527141783
2.2 0.1 1.97915672726e-05
2.2 0.2 0.00231805267239
2.2 0.3 0.00637755872311
2.2 0.4 0.0181755435146
2.2 0.5 0.0135093224845
2.2 0.6 0.0409017595568
2.2 0.7 0.0477954633071
2.2 0.8 0.020523839715
2.2 0.9 0.000311701120001
2.2 1.0 0.00016866274565
2.4 0.1 3.52429271745e-05
2.4 0.2 0.00204142821463
2.4 0.3 0.0106606273111
2.4 0.4 0.0232264916999
2.4 0.5 0.0248551377866
2.4 0.6 0.0538768509914
2.4 0.7 0.0360029543021
2.4 0.8 0.0209332019195
2.4 0.9 7.69958381054e-06
2.4 1.0 2.01743728876e-05
2.6 0.1 2.58779114577e-05
2.6 0.2 0.00229209735069
2.6 0.3 0.0116171276462
2.6 0.4 0.0398112112965
2.6 0.5 0.0307456775516
2.6 0.6 0.028698783769
2.6 0.7 0.0142125164916
2.6 0.8 0.000185457113462
2.6 0.9 7.68067965972e-05
2.6 1.0 0.00108795894689
2.8 0.1 2.30817086126e-05
2.8 0.2 0.00286723314863
2.8 0.3 0.0172700205657
2.8 0.4 0.060292627878
2.8 0.5 0.0645751669823
2.8 0.6 0.0432489951427
2.8 0.7 0.00193749718959
2.8 0.8 0.00904846788329
2.8 0.9 7.14775473503e-05
2.8 1.0 2.93519490876e-06
3.0 0.1 0.00016588619318
3.0 0.2 0.00766584289094
3.0 0.3 0.0271846248423
3.0 0.4 0.0663380143317
3.0 0.5 0.05500994601
3.0 0.6 0.0138901653035
3.0 0.7 0.00142561978351
3.0 0.8 4.33962724483e-06
3.0 0.9 1.3431070671e-05
3.0 1.0 3.73485687032e-06
3.2 0.1 0.000156858731288
3.2 0.2 0.0164100159561
3.2 0.3 0.00213362734691
3.2 0.4 0.0499161417213
3.2 0.5 0.0253079197014
3.2 0.6 0.0206941279296
3.2 0.7 0.000235212599066
3.2 0.8 2.88311644107e-05
3.2 0.9 0.0
3.2 1.0 8.26759200774e-06
3.4 0.1 0.000101255567651
3.4 0.2 0.03388496925
3.4 0.3 0.00645975757339
3.4 0.4 0.0135093044418
3.4 0.5 0.0486159469158
3.4 0.6 0.0198796399751
3.4 0.7 0.000695618179176
3.4 0.8 0.000109915640566
3.4 0.9 4.26505922326e-05
3.4 1.0 2.83898775137e-05
3.6 0.1 0.000416644614866
3.6 0.2 0.0129897212412
3.6 0.3 0.0297541766706
3.6 0.4 0.0465250397879
3.6 0.5 0.0225068755477
3.6 0.6 0.0179207755437
3.6 0.7 0.000679563868212
3.6 0.8 0.0036026431624
3.6 0.9 1.33264330916e-07
3.6 1.0 0.00204410572853
3.8 0.1 0.000451749528575
3.8 0.2 0.0144216410729
3.8 0.3 0.0341545523669
3.8 0.4 0.0783558043201
3.8 0.5 0.00311030739175
3.8 0.6 0.00860704117377
3.8 0.7 0.000143631006085
3.8 0.8 8.76557236839e-05
3.8 0.9 7.53229549894e-05
3.8 1.0 0.000251394897103
4.0 0.1 9.37936883105e-05
4.0 0.2 0.0188440778686
4.0 0.3 0.0536796584479
4.0 0.4 0.0625883604937
4.0 0.5 0.00836129500881
4.0 0.6 0.004991971323
4.0 0.7 9.42724941223e-05
4.0 0.8 2.47789334728e-06
4.0 0.9 3.32725173154e-05
4.0 1.0 0.000179676084506
4.2 0.1 0.000505822568329
4.2 0.2 0.0175216334049
4.2 0.3 0.0138822832677
4.2 0.4 0.0116287844218
4.2 0.5 0.00198973620004
4.2 0.6 0.000378270904189
4.2 0.7 1.34853491108e-05
4.2 0.8 1.03255302224e-05
4.2 0.9 4.13639410664e-06
4.2 1.0 0.00031495353302
4.4 0.1 0.000764930066469
4.4 0.2 0.00972595017649
4.4 0.3 0.0159959511019
4.4 0.4 0.0326487980223
4.4 0.5 0.00187080290809
4.4 0.6 0.0019149793963
4.4 0.7 3.04024594495e-05
4.4 0.8 3.61079975822e-05
4.4 0.9 0.000156463669734
4.4 1.0 0.000442497920403
4.6 0.1 7.90376869814e-05
4.6 0.2 0.013877395127
4.6 0.3 0.0141512987541
4.6 0.4 0.00368032042471
4.6 0.5 6.73816061379e-05
4.6 0.6 0.000191714518096
4.6 0.7 0.000261452249998
4.6 0.8 0.000632882024519
4.6 0.9 0.000810041420302
4.6 1.0 0.000177840188678
4.8 0.1 0.000212581045519
4.8 0.2 0.02076468173
4.8 0.3 0.00502253283846
4.8 0.4 0.00235039845964
4.8 0.5 0.000618205711746
4.8 0.6 0.000799656563886
4.8 0.7 0.000483568820512
4.8 0.8 0.000671910107533
4.8 0.9 0.00135289629852
4.8 1.0 0.000565728483491
5.0 0.1 0.00157469912513
5.0 0.2 0.0309932191814
5.0 0.3 0.083430234487
5.0 0.4 0.0170631008546
5.0 0.5 0.00236877631569
5.0 0.6 0.00402516426038
5.0 0.7 0.000164220913073
5.0 0.8 0.000739208144873
5.0 0.9 0.000496205628019
5.0 1.0 0.000281728069359
